1.056161334636451356e+05
1.056161334636451356e+05
1.056161334636451356e+05
1.056161334636451356e+05
1.056265236156697356e+05
1.056265236156697356e+05
1.056265236156697356e+05
1.056265236156697356e+05
1.056265236156697356e+05
1.056265236156697356e+05
1.056265236156697356e+05
1.056265236156697356e+05
1.056265236156697356e+05
1.056265236156697356e+05
1.056265236156697356e+05
1.056265236156697356e+05
1.056265236156697356e+05
1.056265236156697356e+05
1.056265236156697356e+05
1.056265236156697356e+05
1.056265236156697356e+05
1.056265236156697356e+05
1.056265236156697356e+05
1.056265236156697356e+05
1.056265236156697356e+05
1.056265236156697356e+05
1.056265236156697356e+05
1.056265236156697356e+05
1.056265236156697356e+05
1.056265236156697356e+05
1.057166881531577674e+05
1.057166881531577674e+05
1.057166881531577674e+05
1.058075312776634528e+05
1.058075312776634528e+05
1.058075312776634528e+05
1.058075312776634528e+05
1.058108566194466257e+05
1.058108566194466257e+05
1.058108566194466257e+05
1.058108566194466257e+05
1.058108566194466257e+05
1.058108566194466257e+05
1.058108566194466257e+05
1.058108566194466257e+05
1.058108566194466257e+05
1.058108566194466257e+05
1.058108566194466257e+05
1.058108566194466257e+05
1.058190104630215501e+05
1.058190104630215501e+05
1.058190104630215501e+05
1.058190104630215501e+05
1.058190104630215501e+05
1.058190104630215501e+05
1.058190104630215501e+05
1.058190104630215501e+05
1.058190104630215501e+05
1.058190104630215501e+05
1.058190104630215501e+05
1.058190104630215501e+05
1.058190104630215501e+05
1.058190104630215501e+05
1.058190104630215501e+05
1.058190104630215501e+05
1.058190104630215501e+05
1.058190104630215501e+05
1.062916487804636563e+05
1.062916487804636563e+05
1.062916487804636563e+05
1.062916487804636563e+05
1.062916487804636563e+05
1.062916487804636563e+05
1.062916487804636563e+05
1.062916487804636563e+05
1.062916487804636563e+05
1.063069244351414382e+05
1.063069244351414382e+05
1.063069244351414382e+05
1.063069244351414382e+05
1.063069244351414382e+05
1.063069244351414382e+05
1.063069244351414382e+05
1.063069244351414382e+05
1.063069244351414382e+05
1.063094772054088971e+05
1.063094772054088971e+05
1.063094772054088971e+05
1.063094772054088971e+05
1.063094772054088971e+05
1.063094772054088971e+05
1.063094772054088971e+05
1.063094772054088971e+05
1.063094772054088971e+05
1.063094772054088971e+05
1.063094772054088971e+05
1.063094772054088971e+05
1.063094772054088971e+05
1.063094772054088971e+05
1.063094772054088971e+05
1.063094772054088971e+05
1.063094772054088971e+05
1.064394186390720279e+05
1.065305575851965259e+05
1.065305575851965259e+05
1.065305575851965259e+05
1.065305575851965259e+05
1.065305575851965259e+05
1.065305575851965259e+05
1.065305575851965259e+05
1.065305575851965259e+05
1.065305575851965259e+05
1.065305575851965259e+05
1.065305575851965259e+05
1.065305575851965259e+05
1.065565943417249218e+05
1.065750190459960431e+05
1.065750190459960431e+05
1.065750190459960431e+05
1.065750190459960431e+05
1.065750190459960431e+05
1.065750190459960431e+05
1.065750190459960431e+05
1.065750190459960431e+05
1.065750190459960431e+05
1.065750190459960431e+05
1.066636013240342581e+05
1.066636013240342581e+05
1.067105356519837223e+05
1.067105356519837223e+05
1.067105356519837223e+05
1.067105356519837223e+05
1.067105356519837223e+05
1.067105356519837223e+05
1.070805548770053720e+05
1.070805548770053720e+05
1.070805548770053720e+05
1.070805548770053720e+05
1.070805548770053720e+05
1.070805548770053720e+05
1.070805548770053720e+05
1.070805548770053720e+05
1.070805548770053720e+05
1.070805548770053720e+05
1.070805548770053720e+05
1.070805548770053720e+05
1.070805548770053720e+05
1.070805548770053720e+05
1.070805548770053720e+05
1.071982509857802215e+05
1.071982509857802215e+05
1.072379749436823913e+05
1.072379749436823913e+05
1.072379749436823913e+05
1.072379749436823913e+05
1.072379749436823913e+05
1.072379749436823913e+05
1.072379749436823913e+05
1.072379749436823913e+05
1.072379749436823913e+05
1.072379749436823913e+05
1.072379749436823913e+05
1.072379749436823913e+05
1.072379749436823913e+05
1.072379749436823913e+05
1.072379749436823913e+05
1.072379749436823913e+05
1.072379749436823913e+05
1.072379749436823913e+05
1.072379749436823913e+05
1.072379749436823913e+05
1.072379749436823913e+05
1.072379749436823913e+05
1.072379749436823913e+05
1.072379749436823913e+05
1.072379749436823913e+05
1.072379749436823913e+05
1.072379749436823913e+05
1.072779707627657190e+05
1.072779707627657190e+05
1.072779707627657190e+05
1.072779707627657190e+05
1.072779707627657190e+05
1.072779707627657190e+05
1.072984330046578834e+05
1.072984330046578834e+05
1.072984330046578834e+05
1.072984330046578834e+05
1.072984330046578834e+05
1.072984330046578834e+05
1.072984330046578834e+05
1.075562010301700502e+05
1.075562010301700502e+05
1.075562010301700502e+05
1.075562010301700502e+05
1.075562010301700502e+05
1.075927991546222911e+05
1.075927991546222911e+05
1.075927991546222911e+05
1.075927991546222911e+05
1.075927991546222911e+05
1.075927991546222911e+05
1.075927991546222911e+05
1.075927991546222911e+05
1.076337953848619800e+05
1.076337953848619800e+05
1.076337953848619800e+05
1.076337953848619800e+05
1.076337953848619800e+05
1.076337953848619800e+05
1.076337953848619800e+05
1.076337953848619800e+05
1.076337953848619800e+05
1.076337953848619800e+05
1.076337953848619800e+05
1.076337953848619800e+05
1.076337953848619800e+05
1.076337953848619800e+05
1.076337953848619800e+05
1.076337953848619800e+05
1.076337953848619800e+05
1.076337953848619800e+05
1.076337953848619800e+05
1.076337953848619800e+05
1.076337953848619800e+05
1.076337953848619800e+05
1.077199466005337163e+05
1.077199466005337163e+05
1.077199466005337163e+05
1.077199466005337163e+05
1.077199466005337163e+05
1.077199466005337163e+05
1.077199466005337163e+05
1.077199466005337163e+05
1.077199466005337163e+05
1.077199466005337163e+05
1.077199466005337163e+05
1.077199466005337163e+05
1.077199466005337163e+05
1.077199466005337163e+05
1.077199466005337163e+05
1.077199466005337163e+05
1.077629984635840665e+05
1.077629984635840665e+05
1.077629984635840665e+05
1.077629984635840665e+05
1.077629984635840665e+05
1.077629984635840665e+05
1.077629984635840665e+05
1.077629984635840665e+05
1.077629984635840665e+05
1.077629984635840665e+05
1.077629984635840665e+05
1.077629984635840665e+05
1.077629984635840665e+05
1.077629984635840665e+05
1.078745849532445573e+05
1.078745849532445573e+05
1.078745849532445573e+05
1.078745849532445573e+05
1.078745849532445573e+05
1.079511338270154956e+05
1.079511338270154956e+05
1.079511338270154956e+05
1.079511338270154956e+05
1.079511338270154956e+05
1.079511338270154956e+05
1.079511338270154956e+05
1.079511338270154956e+05
1.079511338270154956e+05
1.079511338270154956e+05
1.079511338270154956e+05
1.079511338270154956e+05
1.079511338270154956e+05
1.079511338270154956e+05
1.079511338270154956e+05
1.080017587205744931e+05
1.080017587205744931e+05
1.080131943660669640e+05
1.080131943660669640e+05
1.080131943660669640e+05
1.080131943660669640e+05
1.080131943660669640e+05
1.080131943660669640e+05
1.080131943660669640e+05
1.080131943660669640e+05
1.080131943660669640e+05
1.080131943660669640e+05
1.080131943660669640e+05
1.080131943660669640e+05
1.080131943660669640e+05
1.080131943660669640e+05
1.080131943660669640e+05
1.080131943660669640e+05
1.080131943660669640e+05
1.080131943660669640e+05
1.080131943660669640e+05
1.080131943660669640e+05
1.080131943660669640e+05
1.080131943660669640e+05
1.080131943660669640e+05
1.080131943660669640e+05
1.080131943660669640e+05
1.080131943660669640e+05
1.080131943660669640e+05
1.080131943660669640e+05
1.080131943660669640e+05
1.080131943660669640e+05
1.080131943660669640e+05
1.080131943660669640e+05
1.080131943660669640e+05
1.080131943660669640e+05
1.080131943660669640e+05
1.080198969594983791e+05
1.080198969594983791e+05
1.080198969594983791e+05
1.080198969594983791e+05
1.080198969594983791e+05
1.080198969594983791e+05
1.080198969594983791e+05
1.080198969594983791e+05
1.080198969594983791e+05
1.080198969594983791e+05
1.080198969594983791e+05
1.080198969594983791e+05
1.080198969594983791e+05
1.080198969594983791e+05
1.080198969594983791e+05
1.080198969594983791e+05
1.080198969594983791e+05
1.080198969594983791e+05
1.080836496930422290e+05
1.080836496930422290e+05
1.080836496930422290e+05
1.080836496930422290e+05
1.080883639552024688e+05
1.080883639552024688e+05
1.080883639552024688e+05
1.080883639552024688e+05
1.080883639552024688e+05
1.080883639552024688e+05
1.080883639552024688e+05
1.080883639552024688e+05
1.080883639552024688e+05
1.080883639552024688e+05
1.080883639552024688e+05
1.080883639552024688e+05
1.080883639552024688e+05
1.080883639552024688e+05
1.080883639552024688e+05
1.080883639552024688e+05
1.080883639552024688e+05
1.080883639552024688e+05
1.080883639552024688e+05
1.080883639552024688e+05
1.080883639552024688e+05
1.080883639552024688e+05
1.080883639552024688e+05
1.080883639552024688e+05
1.080883639552024688e+05
1.080883639552024688e+05
1.080883639552024688e+05
1.080883639552024688e+05
1.080883639552024688e+05
1.080883639552024688e+05
1.080883639552024688e+05
1.080883639552024688e+05
1.080883639552024688e+05
1.080883639552024688e+05
1.080883639552024688e+05
1.080883639552024688e+05
1.080883639552024688e+05
1.080883639552024688e+05
1.080883639552024688e+05
1.080883639552024688e+05
1.080883639552024688e+05
1.080883639552024688e+05
1.080883639552024688e+05
1.080883639552024688e+05
1.080883639552024688e+05
1.080883639552024688e+05
1.080883639552024688e+05
1.080883639552024688e+05
1.080883639552024688e+05
1.080883639552024688e+05
1.080883639552024688e+05
1.080883639552024688e+05
1.080883639552024688e+05
1.081738070065859647e+05
1.081738070065859647e+05
1.081738070065859647e+05
1.081738070065859647e+05
1.081738070065859647e+05
1.081738070065859647e+05
1.081738070065859647e+05
1.081738070065859647e+05
1.081738070065859647e+05
1.081738070065859647e+05
1.081738070065859647e+05
1.082767987434753886e+05
1.082767987434753886e+05
1.082767987434753886e+05
1.082767987434753886e+05
1.082767987434753886e+05
1.082767987434753886e+05
1.082767987434753886e+05
1.082767987434753886e+05
1.082767987434753886e+05
1.083154120724947425e+05
1.083154120724947425e+05
1.083154120724947425e+05
1.083154120724947425e+05
1.083154120724947425e+05
1.083154120724947425e+05
1.083154120724947425e+05
1.083154120724947425e+05
1.083154120724947425e+05
1.083154120724947425e+05
1.083154120724947425e+05
1.083215942480107042e+05
1.083215942480107042e+05
1.083215942480107042e+05
1.083215942480107042e+05
1.083215942480107042e+05
1.083215942480107042e+05
1.083215942480107042e+05
1.083215942480107042e+05
1.083220537866965024e+05
1.083220537866965024e+05
1.083220537866965024e+05
1.083220537866965024e+05
1.083220537866965024e+05
1.083220537866965024e+05
1.083220537866965024e+05
1.083343089387450600e+05
1.083343089387450600e+05
1.083343089387450600e+05
1.083343089387450600e+05
1.083343089387450600e+05
1.083343089387450600e+05
1.083343089387450600e+05
1.083343089387450600e+05
1.083343089387450600e+05
1.083343089387450600e+05
1.083343089387450600e+05
1.083343089387450600e+05
1.083343089387450600e+05
1.083343089387450600e+05
1.083343089387450600e+05
1.083343089387450600e+05
1.083343089387450600e+05
1.083343089387450600e+05
1.083343089387450600e+05
1.083343089387450600e+05
1.083343089387450600e+05
1.083343089387450600e+05
1.083343089387450600e+05
1.083343089387450600e+05
1.083343089387450600e+05
1.083343089387450600e+05
1.083343089387450600e+05
1.083343089387450600e+05
1.083343089387450600e+05
1.083343089387450600e+05
1.083343089387450600e+05
1.083404909450392588e+05
1.083404909450392588e+05
1.083404909450392588e+05
1.083404909450392588e+05
1.083404909450392588e+05
1.083404909450392588e+05
1.083404909450392588e+05
1.083404909450392588e+05
1.083404909450392588e+05
1.083404909450392588e+05
1.083404909450392588e+05
1.083404909450392588e+05
1.083404909450392588e+05
1.083404909450392588e+05
1.083404909450392588e+05
1.083404909450392588e+05
1.083404909450392588e+05
1.083404909450392588e+05
1.083404909450392588e+05
1.083404909450392588e+05
1.083404909450392588e+05
1.083404909450392588e+05
1.083566563405936613e+05
1.083566563405936613e+05
1.083566563405936613e+05
1.083566563405936613e+05
1.083566563405936613e+05
1.083566563405936613e+05
1.084073953319059801e+05
1.084073953319059801e+05
1.084073953319059801e+05
1.084073953319059801e+05
1.084073953319059801e+05
1.084138359487457783e+05
1.084394040844196861e+05
1.084394040844196861e+05
1.084394040844196861e+05
1.084394040844196861e+05
1.084394040844196861e+05
1.084394040844196861e+05
1.084394040844196861e+05
1.084394040844196861e+05
1.084394040844196861e+05
1.084394040844196861e+05
1.084394040844196861e+05
1.084394040844196861e+05
1.084394040844196861e+05
1.084394040844196861e+05
1.084394040844196861e+05
1.084394040844196861e+05
1.084394040844196861e+05
1.084394040844196861e+05
1.084394040844196861e+05
1.084430512690042815e+05
1.084430512690042815e+05
1.084430512690042815e+05
1.084430512690042815e+05
1.084430512690042815e+05
1.084430512690042815e+05
1.084430512690042815e+05
1.084430512690042815e+05
1.084430512690042815e+05
1.084430512690042815e+05
1.084430512690042815e+05
1.084430512690042815e+05
1.084430512690042815e+05
1.084430512690042815e+05
1.084430512690042815e+05
1.084430512690042815e+05
1.084430512690042815e+05
1.084430512690042815e+05
1.084430512690042815e+05
1.084454393207584217e+05
1.084454393207584217e+05
1.084454393207584217e+05
1.084454393207584217e+05
1.084454393207584217e+05
1.084454393207584217e+05
1.084454393207584217e+05
1.084454393207584217e+05
1.084454393207584217e+05
1.084454393207584217e+05
1.084454393207584217e+05
1.084454393207584217e+05
1.084454393207584217e+05
1.084454393207584217e+05
1.084454393207584217e+05
1.084454393207584217e+05
1.084454393207584217e+05
1.084454393207584217e+05
1.084454393207584217e+05
1.084454393207584217e+05
1.084454393207584217e+05
1.084454393207584217e+05
1.084454393207584217e+05
1.084454393207584217e+05
1.084454393207584217e+05
1.084454393207584217e+05
1.084454393207584217e+05
1.084454393207584217e+05
1.084454393207584217e+05
1.084454393207584217e+05
1.084454393207584217e+05
1.084483302914311644e+05
1.084483302914311644e+05
1.084483302914311644e+05
1.084483302914311644e+05
1.084483302914311644e+05
1.084483302914311644e+05
1.084483302914311644e+05
1.084483302914311644e+05
1.084483302914311644e+05
1.084483302914311644e+05
1.084483302914311644e+05
1.084483302914311644e+05
1.084483302914311644e+05
1.084483302914311644e+05
1.084483302914311644e+05
1.084483302914311644e+05
1.084483302914311644e+05
1.084967961198404228e+05
1.084967961198404228e+05
1.084967961198404228e+05
1.084967961198404228e+05
1.084967961198404228e+05
1.084967961198404228e+05
1.084967961198404228e+05
1.084967961198404228e+05
1.084967961198404228e+05
1.084967961198404228e+05
1.084967961198404228e+05
1.084967961198404228e+05
1.084967961198404228e+05
1.084967961198404228e+05
1.084967961198404228e+05
1.084967961198404228e+05
1.084967961198404228e+05
1.084967961198404228e+05
1.084967961198404228e+05
1.084967961198404228e+05
1.084967961198404228e+05
1.084967961198404228e+05
1.084967961198404228e+05
1.084967961198404228e+05
1.084967961198404228e+05
1.084967961198404228e+05
1.084967961198404228e+05
1.085052827461717388e+05
1.085052827461717388e+05
1.085052827461717388e+05
1.085052827461717388e+05
1.085052827461717388e+05
1.085052827461717388e+05
1.085052827461717388e+05
1.085052827461717388e+05
1.085052827461717388e+05
1.085052827461717388e+05
1.085052827461717388e+05
1.085052827461717388e+05
1.085052827461717388e+05
1.085052827461717388e+05
1.085052827461717388e+05
1.085052827461717388e+05
1.085052827461717388e+05
1.085052827461717388e+05
1.085052827461717388e+05
1.085052827461717388e+05
1.085052827461717388e+05
1.085052827461717388e+05
1.085168925233649061e+05
1.085168925233649061e+05
1.085168925233649061e+05
1.085168925233649061e+05
1.085168925233649061e+05
1.085168925233649061e+05
1.085211222823399585e+05
1.085211222823399585e+05
1.085211222823399585e+05
1.085211222823399585e+05
1.085211222823399585e+05
1.085211222823399585e+05
1.085211222823399585e+05
1.085211222823399585e+05
1.085211222823399585e+05
1.085211222823399585e+05
1.085211222823399585e+05
1.085211222823399585e+05
1.085211222823399585e+05
1.085211222823399585e+05
1.085211222823399585e+05
1.085211222823399585e+05
1.085211222823399585e+05
1.085211222823399585e+05
1.085211222823399585e+05
1.085211222823399585e+05
1.085211222823399585e+05
1.085211222823399585e+05
1.085211222823399585e+05
1.085211222823399585e+05
1.085211222823399585e+05
1.085211222823399585e+05
1.085211222823399585e+05
1.085211222823399585e+05
1.085211222823399585e+05
1.085211222823399585e+05
1.085211222823399585e+05
1.085211222823399585e+05
1.085211222823399585e+05
1.085211222823399585e+05
1.085211222823399585e+05
1.085518553590446390e+05
1.085518553590446390e+05
1.085518553590446390e+05
1.085518553590446390e+05
1.085518553590446390e+05
1.085518553590446390e+05
1.085518553590446390e+05
1.085518553590446390e+05
1.085518553590446390e+05
1.085518553590446390e+05
1.085518553590446390e+05
1.085518553590446390e+05
1.085518553590446390e+05
1.085835396665318694e+05
1.085835396665318694e+05
1.085835396665318694e+05
1.085835396665318694e+05
1.085835396665318694e+05
1.085835396665318694e+05
1.085835396665318694e+05
1.085835396665318694e+05
1.085835396665318694e+05
1.085835396665318694e+05
1.085835396665318694e+05
1.085835396665318694e+05
1.085835396665318694e+05
1.085835396665318694e+05
1.085835396665318694e+05
1.085835396665318694e+05
1.085835396665318694e+05
1.085835396665318694e+05
1.085835396665318694e+05
1.085835396665318694e+05
1.085835396665318694e+05
1.085835396665318694e+05
1.085835396665318694e+05
1.085835396665318694e+05
1.085933017836745421e+05
1.085933017836745421e+05
1.085933017836745421e+05
1.085933017836745421e+05
1.085933017836745421e+05
1.085933017836745421e+05
1.085933017836745421e+05
1.085933017836745421e+05
1.085933017836745421e+05
1.085933017836745421e+05
1.085933017836745421e+05
1.085933017836745421e+05
1.085933017836745421e+05
1.085933017836745421e+05
1.085933017836745421e+05
1.085933017836745421e+05
1.085933017836745421e+05
1.085933017836745421e+05
1.085933017836745421e+05
1.085933017836745421e+05
1.085933017836745421e+05
1.085933017836745421e+05
1.085933017836745421e+05
1.085933017836745421e+05
1.085933017836745421e+05
1.085933017836745421e+05
1.085933017836745421e+05
1.085933017836745421e+05
1.085933017836745421e+05
1.085933017836745421e+05
1.085933017836745421e+05
1.085933017836745421e+05
1.085933017836745421e+05
1.085933017836745421e+05
1.085933017836745421e+05
1.085933017836745421e+05
1.085933017836745421e+05
1.085933017836745421e+05
1.085933017836745421e+05
1.085933017836745421e+05
1.085933017836745421e+05
1.085933017836745421e+05
1.085933017836745421e+05
1.085933017836745421e+05
1.085933017836745421e+05
1.085933017836745421e+05
1.085933017836745421e+05
1.085933017836745421e+05
1.085933017836745421e+05
1.085933017836745421e+05
1.085967431195449462e+05
1.086041883900101820e+05
1.086041883900101820e+05
1.086041883900101820e+05
1.086041883900101820e+05
1.086041883900101820e+05
1.086041883900101820e+05
1.086041883900101820e+05
1.086041883900101820e+05
1.086041883900101820e+05
1.086041883900101820e+05
1.086041883900101820e+05
1.086041883900101820e+05
1.086041883900101820e+05
1.086041883900101820e+05
1.086041883900101820e+05
1.086041883900101820e+05
1.086041883900101820e+05
1.086041883900101820e+05
1.086041883900101820e+05
1.086041883900101820e+05
1.086220320092094917e+05
1.086220320092094917e+05
1.086220320092094917e+05
1.086220320092094917e+05
1.086220320092094917e+05
1.086220320092094917e+05
1.086220320092094917e+05
1.086220320092094917e+05
1.086220320092094917e+05
1.086220320092094917e+05
1.086220320092094917e+05
1.086220320092094917e+05
1.086220320092094917e+05
1.086220320092094917e+05
1.086220320092094917e+05
1.086220320092094917e+05
1.086220320092094917e+05
1.086272929890897940e+05
1.086272929890897940e+05
1.086272929890897940e+05
1.086272929890897940e+05
1.086272929890897940e+05
1.086272929890897940e+05
1.086272929890897940e+05
1.086272929890897940e+05
1.086272929890897940e+05
1.086272929890897940e+05
1.086272929890897940e+05
1.086272929890897940e+05
1.086272929890897940e+05
1.086272929890897940e+05
1.086272929890897940e+05
1.086272929890897940e+05
1.086272929890897940e+05
1.086272929890897940e+05
1.086272929890897940e+05
1.086272929890897940e+05
1.086312994323230232e+05
1.086312994323230232e+05
1.086312994323230232e+05
1.086312994323230232e+05
1.086312994323230232e+05
1.086312994323230232e+05
1.086312994323230232e+05
1.086312994323230232e+05
1.086312994323230232e+05
1.086312994323230232e+05
1.086312994323230232e+05
1.086312994323230232e+05
1.086312994323230232e+05
1.086312994323230232e+05
1.086312994323230232e+05
1.086312994323230232e+05
1.086312994323230232e+05
1.086312994323230232e+05
1.086312994323230232e+05
1.086312994323230232e+05
1.086312994323230232e+05
1.086312994323230232e+05
1.086312994323230232e+05
1.086312994323230232e+05
1.086312994323230232e+05
1.086312994323230232e+05
1.086312994323230232e+05
1.086312994323230232e+05
1.086312994323230232e+05
1.086312994323230232e+05
1.086312994323230232e+05
1.086312994323230232e+05
1.086312994323230232e+05
1.086312994323230232e+05
1.086312994323230232e+05
1.086312994323230232e+05
1.086312994323230232e+05
1.086312994323230232e+05
1.086312994323230232e+05
1.086312994323230232e+05
1.086312994323230232e+05
1.086312994323230232e+05
1.086312994323230232e+05
1.086312994323230232e+05
1.086312994323230232e+05
1.086312994323230232e+05
1.086574461908087251e+05
1.086574461908087251e+05
1.086574461908087251e+05
1.086574461908087251e+05
1.086574461908087251e+05
1.086574461908087251e+05
1.086574461908087251e+05
1.086574461908087251e+05
1.086574461908087251e+05
1.086574461908087251e+05
1.086574461908087251e+05
1.086574461908087251e+05
1.086574461908087251e+05
1.086985866054085200e+05
1.086985866054085200e+05
1.086985866054085200e+05
1.086985866054085200e+05
1.086985866054085200e+05
1.086985866054085200e+05
1.086985866054085200e+05
1.086985866054085200e+05
1.086985866054085200e+05
1.087217125114333030e+05
1.087217125114333030e+05
1.087217125114333030e+05
1.087217125114333030e+05
1.087217125114333030e+05
1.087217125114333030e+05
1.087217125114333030e+05
1.087217125114333030e+05
1.087217125114333030e+05
1.087217125114333030e+05
1.087217125114333030e+05
1.087217125114333030e+05
1.087217125114333030e+05
1.087217125114333030e+05
1.087217125114333030e+05
1.087217125114333030e+05
1.087217125114333030e+05
1.087217125114333030e+05
1.087217125114333030e+05
1.087217125114333030e+05
1.087217125114333030e+05
1.087217125114333030e+05
1.087217125114333030e+05
1.087217125114333030e+05
1.087217125114333030e+05
1.087217125114333030e+05
1.087217125114333030e+05
1.087217125114333030e+05
1.087217125114333030e+05
1.087217125114333030e+05
1.087217125114333030e+05
1.087217125114333030e+05
1.087217125114333030e+05
1.087217125114333030e+05
1.087217125114333030e+05
1.087217125114333030e+05
1.087217125114333030e+05
1.087217125114333030e+05
1.087217125114333030e+05
1.087217125114333030e+05
1.087217125114333030e+05
1.087217125114333030e+05
1.087217125114333030e+05
1.087217125114333030e+05
1.087217125114333030e+05
1.087217125114333030e+05
1.087217125114333030e+05
1.087217125114333030e+05
1.087217125114333030e+05
1.087217125114333030e+05
1.087217125114333030e+05
1.087217125114333030e+05
1.087217125114333030e+05
1.087217125114333030e+05
1.087217125114333030e+05
1.087217125114333030e+05
1.087217125114333030e+05
1.087217125114333030e+05
1.087217125114333030e+05
1.087217125114333030e+05
1.087217125114333030e+05
1.087222155941092205e+05
1.087222155941092205e+05
1.087222155941092205e+05
1.087222155941092205e+05
1.087222155941092205e+05
1.087222155941092205e+05
1.087222155941092205e+05
1.087222155941092205e+05
1.087222155941092205e+05
1.087222155941092205e+05
1.087222155941092205e+05
1.087222155941092205e+05
1.087222155941092205e+05
1.087222155941092205e+05
1.087222155941092205e+05
1.087222155941092205e+05
1.087222155941092205e+05
1.087222155941092205e+05
1.087222155941092205e+05
1.087222155941092205e+05
1.087222155941092205e+05
1.087222155941092205e+05
1.087222155941092205e+05
1.087222155941092205e+05
1.087222155941092205e+05
1.087222155941092205e+05
1.087222155941092205e+05
1.087222155941092205e+05
1.087222155941092205e+05
1.087222155941092205e+05
1.087222155941092205e+05
1.087222155941092205e+05
1.087222155941092205e+05
1.087222155941092205e+05
1.087222155941092205e+05
1.087222155941092205e+05
1.087222155941092205e+05
1.087222155941092205e+05
1.087222155941092205e+05
1.087222155941092205e+05
1.087222155941092205e+05
1.087222155941092205e+05
1.087222155941092205e+05
1.087222155941092205e+05
1.087222155941092205e+05
1.087222155941092205e+05
1.087222155941092205e+05
1.087222155941092205e+05
1.087222155941092205e+05
1.087222155941092205e+05
1.087222155941092205e+05
