7.303137608379538869e+05 6.179973389053945430e+06 6.400000000000000000e+01 0.000000000000000000e+00
7.305126943293210352e+05 6.179296090011444874e+06 6.400000000000000000e+01 0.000000000000000000e+00
7.308884251867538551e+05 6.179932846287839115e+06 6.400000000000000000e+01 0.000000000000000000e+00
7.305676999999999534e+05 6.179027000000000000e+06 6.400000000000000000e+01 0.000000000000000000e+00
7.303781423091103788e+05 6.179698102588700131e+06 6.400000000000000000e+01 0.000000000000000000e+00
7.306149901549075730e+05 6.178677443581148051e+06 6.400000000000000000e+01 0.000000000000000000e+00
7.309898840780843748e+05 6.178600824997748248e+06 6.400000000000000000e+01 0.000000000000000000e+00
7.306663000000000466e+05 6.178302000000000000e+06 6.400000000000000000e+01 0.000000000000000000e+00
7.309049995623165742e+05 6.179460051768268459e+06 6.400000000000000000e+01 0.000000000000000000e+00
7.306956999999999534e+05 6.177938000000000000e+06 6.400000000000000000e+01 0.000000000000000000e+00
7.289025673858213704e+05 6.179804730645732954e+06 6.400000000000000000e+01 0.000000000000000000e+00
7.307116999999999534e+05 6.177572000000000000e+06 6.400000000000000000e+01 0.000000000000000000e+00
7.294622618571028579e+05 6.179996053671089932e+06 6.400000000000000000e+01 0.000000000000000000e+00
7.307488156512002461e+05 6.177329663376582786e+06 6.400000000000000000e+01 0.000000000000000000e+00
7.307470918485112488e+05 6.176961260279539973e+06 6.400000000000000000e+01 0.000000000000000000e+00
7.297687271556551568e+05 6.177641297361070290e+06 6.400000000000000000e+01 0.000000000000000000e+00
7.306933000000000466e+05 6.176658000000000000e+06 6.400000000000000000e+01 0.000000000000000000e+00
7.297505590827603592e+05 6.178857358713621274e+06 6.400000000000000000e+01 0.000000000000000000e+00
7.308010399137391942e+05 6.176320352426609956e+06 6.400000000000000000e+01 0.000000000000000000e+00
7.308614754582751775e+05 6.176018494730276987e+06 6.400000000000000000e+01 0.000000000000000000e+00
