1.056161334636451356e+05
1.056161334636451356e+05
1.056161334636451356e+05
1.056161334636451356e+05
1.056161334636451356e+05
1.056161334636451356e+05
1.056161334636451356e+05
1.056161334636451356e+05
1.056161334636451356e+05
1.056161334636451356e+05
1.056161334636451356e+05
1.056161334636451356e+05
1.056161334636451356e+05
1.056161334636451356e+05
1.060865494181712274e+05
1.060865494181712274e+05
1.060865494181712274e+05
1.060865494181712274e+05
1.060865494181712274e+05
1.060865494181712274e+05
1.060865494181712274e+05
1.060865494181712274e+05
1.060865494181712274e+05
1.060865494181712274e+05
1.060865494181712274e+05
1.061090801397569885e+05
1.061090801397569885e+05
1.061090801397569885e+05
1.061090801397569885e+05
1.061090801397569885e+05
1.061090801397569885e+05
1.061090801397569885e+05
1.061090801397569885e+05
1.061090801397569885e+05
1.061090801397569885e+05
1.061090801397569885e+05
1.061090801397569885e+05
1.061090801397569885e+05
1.061090801397569885e+05
1.061090801397569885e+05
1.061090801397569885e+05
1.061090801397569885e+05
1.061090801397569885e+05
1.061090801397569885e+05
1.061090801397569885e+05
1.061090801397569885e+05
1.061090801397569885e+05
1.061090801397569885e+05
1.061090801397569885e+05
1.061090801397569885e+05
1.061090801397569885e+05
1.061090801397569885e+05
1.062850487987116503e+05
1.062850487987116503e+05
1.062850487987116503e+05
1.062850487987116503e+05
1.062850487987116503e+05
1.062850487987116503e+05
1.062850487987116503e+05
1.062850487987116503e+05
1.062850487987116503e+05
1.062850487987116503e+05
1.062850487987116503e+05
1.062850487987116503e+05
1.062850487987116503e+05
1.062850487987116503e+05
1.062907644744979480e+05
1.062907644744979480e+05
1.062907644744979480e+05
1.062907644744979480e+05
1.062907644744979480e+05
1.062907644744979480e+05
1.062907644744979480e+05
1.062907644744979480e+05
1.062907644744979480e+05
1.062907644744979480e+05
1.062907644744979480e+05
1.062907644744979480e+05
1.062907644744979480e+05
1.062907644744979480e+05
1.062907644744979480e+05
1.062907644744979480e+05
1.062907644744979480e+05
1.062907644744979480e+05
1.062907644744979480e+05
1.062907644744979480e+05
1.062907644744979480e+05
1.062907644744979480e+05
1.062907644744979480e+05
1.062907644744979480e+05
1.062907644744979480e+05
1.063131119996353373e+05
1.063131119996353373e+05
1.063131119996353373e+05
1.063131119996353373e+05
1.063131119996353373e+05
1.063131119996353373e+05
1.063131119996353373e+05
1.063131119996353373e+05
1.063131119996353373e+05
1.063131119996353373e+05
1.063131119996353373e+05
1.063131119996353373e+05
1.063131119996353373e+05
1.063131119996353373e+05
1.063131119996353373e+05
1.063131119996353373e+05
1.063131119996353373e+05
1.063131119996353373e+05
1.063131119996353373e+05
1.063131119996353373e+05
1.063131119996353373e+05
1.063131119996353373e+05
1.063131119996353373e+05
1.063131119996353373e+05
1.063131119996353373e+05
1.063131119996353373e+05
1.063131119996353373e+05
1.063131119996353373e+05
1.063131119996353373e+05
1.063131119996353373e+05
1.063131119996353373e+05
1.063131119996353373e+05
1.063131119996353373e+05
1.063131119996353373e+05
1.063131119996353373e+05
1.063131119996353373e+05
1.063131119996353373e+05
1.063131119996353373e+05
1.063131119996353373e+05
1.063131119996353373e+05
1.064025289913980523e+05
1.064025289913980523e+05
1.064025289913980523e+05
1.064025289913980523e+05
1.064025289913980523e+05
1.064037915045084228e+05
1.064037915045084228e+05
1.064037915045084228e+05
1.064037915045084228e+05
1.064037915045084228e+05
1.064037915045084228e+05
1.064562890504833631e+05
1.064562890504833631e+05
1.064562890504833631e+05
1.064571504387824389e+05
1.064571504387824389e+05
1.065261065896234941e+05
1.065261065896234941e+05
1.065261065896234941e+05
1.065261065896234941e+05
1.065261065896234941e+05
1.065261065896234941e+05
1.065261065896234941e+05
1.065261065896234941e+05
1.065261065896234941e+05
1.065261065896234941e+05
1.065261065896234941e+05
1.065261065896234941e+05
1.065261065896234941e+05
1.065261065896234941e+05
1.065261065896234941e+05
1.065326850865214801e+05
1.065326850865214801e+05
1.065326850865214801e+05
1.065326850865214801e+05
1.065636483323428401e+05
1.065636483323428401e+05
1.065636483323428401e+05
1.065636483323428401e+05
1.065636483323428401e+05
1.065636483323428401e+05
1.065636483323428401e+05
1.065636483323428401e+05
1.065636483323428401e+05
1.065636483323428401e+05
1.065636483323428401e+05
1.065636483323428401e+05
1.065636483323428401e+05
1.065636483323428401e+05
1.065636483323428401e+05
1.065636483323428401e+05
1.065636483323428401e+05
1.065636483323428401e+05
1.065636483323428401e+05
1.065636483323428401e+05
1.065636483323428401e+05
1.065636483323428401e+05
1.065636483323428401e+05
1.065636483323428401e+05
1.065636483323428401e+05
1.065636483323428401e+05
1.065636483323428401e+05
1.065636483323428401e+05
1.065636483323428401e+05
1.065636483323428401e+05
1.065636483323428401e+05
1.065636483323428401e+05
1.065636483323428401e+05
1.065636483323428401e+05
1.068342108269332530e+05
1.068342108269332530e+05
1.068504261874947260e+05
1.068504261874947260e+05
1.068504261874947260e+05
1.068504261874947260e+05
1.068504261874947260e+05
1.068504261874947260e+05
1.068504261874947260e+05
1.068504261874947260e+05
1.068504261874947260e+05
1.068504261874947260e+05
1.068504261874947260e+05
1.068504261874947260e+05
1.068504261874947260e+05
1.070449788350439485e+05
1.070449788350439485e+05
1.070449788350439485e+05
1.070449788350439485e+05
1.070449788350439485e+05
1.070449788350439485e+05
1.070449788350439485e+05
1.070449788350439485e+05
1.070449788350439485e+05
1.070449788350439485e+05
1.070449788350439485e+05
1.070449788350439485e+05
1.070449788350439485e+05
1.070449788350439485e+05
1.070449788350439485e+05
1.070449788350439485e+05
1.070449788350439485e+05
1.070449788350439485e+05
1.070449788350439485e+05
1.070449788350439485e+05
1.070449788350439485e+05
1.070449788350439485e+05
1.070449788350439485e+05
1.070449788350439485e+05
1.070449788350439485e+05
1.070449788350439485e+05
1.070449788350439485e+05
1.070449788350439485e+05
1.070449788350439485e+05
1.070449788350439485e+05
1.070449788350439485e+05
1.070449788350439485e+05
1.070449788350439485e+05
1.070449788350439485e+05
1.070449788350439485e+05
1.070449788350439485e+05
1.070449788350439485e+05
1.070449788350439485e+05
1.070449788350439485e+05
1.070449788350439485e+05
1.070449788350439485e+05
1.070449788350439485e+05
1.070449788350439485e+05
1.070449788350439485e+05
1.070449788350439485e+05
1.070449788350439485e+05
1.070449788350439485e+05
1.070449788350439485e+05
1.070449788350439485e+05
1.070449788350439485e+05
1.070449788350439485e+05
1.070449788350439485e+05
1.070449788350439485e+05
1.070449788350439485e+05
1.070449788350439485e+05
1.070449788350439485e+05
1.070481772727975913e+05
1.070481772727975913e+05
1.070481772727975913e+05
1.070481772727975913e+05
1.070481772727975913e+05
1.071683870768649795e+05
1.071683870768649795e+05
1.071683870768649795e+05
1.071683870768649795e+05
1.071683870768649795e+05
1.071683870768649795e+05
1.071683870768649795e+05
1.071683870768649795e+05
1.071683870768649795e+05
1.071683870768649795e+05
1.071683870768649795e+05
1.071683870768649795e+05
1.071683870768649795e+05
1.071859659913285286e+05
1.071859659913285286e+05
1.071859659913285286e+05
1.071859659913285286e+05
1.071859659913285286e+05
1.071859659913285286e+05
1.071859659913285286e+05
1.071859659913285286e+05
1.071859659913285286e+05
1.071859659913285286e+05
1.071859659913285286e+05
1.071859659913285286e+05
1.071859659913285286e+05
1.071859659913285286e+05
1.071859659913285286e+05
1.071859659913285286e+05
1.071859659913285286e+05
1.071859659913285286e+05
1.071859659913285286e+05
1.071859659913285286e+05
1.072214319000540272e+05
1.072214319000540272e+05
1.072214319000540272e+05
1.072214319000540272e+05
1.072214319000540272e+05
1.072214319000540272e+05
1.072214526795833226e+05
1.072214526795833226e+05
1.072214526795833226e+05
1.072214526795833226e+05
1.072214526795833226e+05
1.072214526795833226e+05
1.072214526795833226e+05
1.072214526795833226e+05
1.072214526795833226e+05
1.072214526795833226e+05
1.072214526795833226e+05
1.072214526795833226e+05
1.072214526795833226e+05
1.072214526795833226e+05
1.072214526795833226e+05
1.072214526795833226e+05
1.072214526795833226e+05
1.072214526795833226e+05
1.072214526795833226e+05
1.072214526795833226e+05
1.072214526795833226e+05
1.072214526795833226e+05
1.072214526795833226e+05
1.072214526795833226e+05
1.073239686157975520e+05
1.073239686157975520e+05
1.073239686157975520e+05
1.073317043223322107e+05
1.073317043223322107e+05
1.073317043223322107e+05
1.073317043223322107e+05
1.073317043223322107e+05
1.073317043223322107e+05
1.073317043223322107e+05
1.073317043223322107e+05
1.073317043223322107e+05
1.073317043223322107e+05
1.073317043223322107e+05
1.073317043223322107e+05
1.073317043223322107e+05
1.073317043223322107e+05
1.073317043223322107e+05
1.073317043223322107e+05
1.073317043223322107e+05
1.073317043223322107e+05
1.073317043223322107e+05
1.073317043223322107e+05
1.073317043223322107e+05
1.073317043223322107e+05
1.073317043223322107e+05
1.073317043223322107e+05
1.073317043223322107e+05
1.073317043223322107e+05
1.073317043223322107e+05
1.073317043223322107e+05
1.073317043223322107e+05
1.073317043223322107e+05
1.073317043223322107e+05
1.073317043223322107e+05
1.073317043223322107e+05
1.073317043223322107e+05
1.073317043223322107e+05
1.073317043223322107e+05
1.073354952823450294e+05
1.073354952823450294e+05
1.073354952823450294e+05
1.073354952823450294e+05
1.073354952823450294e+05
1.073354952823450294e+05
1.073354952823450294e+05
1.073354952823450294e+05
1.074475830586076336e+05
1.074475830586076336e+05
1.074475830586076336e+05
1.074666589028086310e+05
1.074666589028086310e+05
1.074666589028086310e+05
1.074666589028086310e+05
1.074666589028086310e+05
1.074666589028086310e+05
1.074666589028086310e+05
1.074666589028086310e+05
1.074666589028086310e+05
1.074666589028086310e+05
1.074666589028086310e+05
1.074666589028086310e+05
1.074666589028086310e+05
1.074666589028086310e+05
1.074666589028086310e+05
1.074666589028086310e+05
1.074666589028086310e+05
1.074666589028086310e+05
1.074666589028086310e+05
1.074666589028086310e+05
1.074666589028086310e+05
1.074666589028086310e+05
1.074666589028086310e+05
1.074666589028086310e+05
1.074666589028086310e+05
1.074666589028086310e+05
1.075343323304528749e+05
1.075343323304528749e+05
1.075343323304528749e+05
1.075343323304528749e+05
1.075343323304528749e+05
1.075343323304528749e+05
1.075343323304528749e+05
1.075343323304528749e+05
1.075343323304528749e+05
1.075343323304528749e+05
1.075343323304528749e+05
1.075343323304528749e+05
1.075343323304528749e+05
1.075343323304528749e+05
1.075343323304528749e+05
1.075343323304528749e+05
1.075343323304528749e+05
1.075343323304528749e+05
1.075847300373847393e+05
1.075847300373847393e+05
1.075847300373847393e+05
1.075847300373847393e+05
1.075847300373847393e+05
1.075847300373847393e+05
1.075847300373847393e+05
1.075847300373847393e+05
1.075847300373847393e+05
1.075847300373847393e+05
1.075847300373847393e+05
1.075847300373847393e+05
1.075885581976530229e+05
1.075885581976530229e+05
1.075885581976530229e+05
1.075885581976530229e+05
1.075885581976530229e+05
1.075885581976530229e+05
1.075885581976530229e+05
1.075885581976530229e+05
1.075885581976530229e+05
1.075885581976530229e+05
1.075885581976530229e+05
1.075953016645312746e+05
1.075953016645312746e+05
1.075953016645312746e+05
1.075953016645312746e+05
1.075953016645312746e+05
1.075953016645312746e+05
1.075953016645312746e+05
1.075953016645312746e+05
1.075953016645312746e+05
1.075953016645312746e+05
1.075953016645312746e+05
1.076515932352583040e+05
1.076515932352583040e+05
1.076515932352583040e+05
1.076515932352583040e+05
1.076515932352583040e+05
1.076515932352583040e+05
1.076515932352583040e+05
1.076515932352583040e+05
1.076515932352583040e+05
1.076515932352583040e+05
1.076515932352583040e+05
1.076515932352583040e+05
1.076515932352583040e+05
1.076515932352583040e+05
1.076515932352583040e+05
1.076515932352583040e+05
1.076515932352583040e+05
1.076515932352583040e+05
1.076515932352583040e+05
1.076515932352583040e+05
1.076515932352583040e+05
1.076515932352583040e+05
1.076515932352583040e+05
1.077296441993353365e+05
1.077296441993353365e+05
1.077296441993353365e+05
1.077296441993353365e+05
1.077296441993353365e+05
1.077296441993353365e+05
1.077296441993353365e+05
1.077296441993353365e+05
1.077296441993353365e+05
1.077556717199303093e+05
1.077556717199303093e+05
1.077556717199303093e+05
1.077594876392675651e+05
1.077594876392675651e+05
1.077594876392675651e+05
1.077594876392675651e+05
1.077594876392675651e+05
1.077594876392675651e+05
1.077594876392675651e+05
1.077594876392675651e+05
1.077594876392675651e+05
1.077594876392675651e+05
1.077594876392675651e+05
1.077594876392675651e+05
1.077594876392675651e+05
1.077594876392675651e+05
1.077594876392675651e+05
1.077594876392675651e+05
1.077594876392675651e+05
1.077594876392675651e+05
1.077594876392675651e+05
1.077594876392675651e+05
1.077594876392675651e+05
1.077594876392675651e+05
1.077594876392675651e+05
1.077594876392675651e+05
1.077594876392675651e+05
1.077594876392675651e+05
1.077594876392675651e+05
1.077594876392675651e+05
1.077594876392675651e+05
1.077594876392675651e+05
1.077594876392675651e+05
1.077594876392675651e+05
1.077594876392675651e+05
1.077594876392675651e+05
1.077594876392675651e+05
1.077594876392675651e+05
1.077594876392675651e+05
1.077685680227667617e+05
1.077685680227667617e+05
1.077685680227667617e+05
1.077685680227667617e+05
1.077685680227667617e+05
1.077685680227667617e+05
1.077685680227667617e+05
1.077685680227667617e+05
1.077685680227667617e+05
1.077685680227667617e+05
1.077685680227667617e+05
1.077685680227667617e+05
1.077685680227667617e+05
1.077685680227667617e+05
1.077685680227667617e+05
1.077749659930011258e+05
1.077749659930011258e+05
1.077749659930011258e+05
1.077749659930011258e+05
1.077749659930011258e+05
1.077749659930011258e+05
1.077749659930011258e+05
1.077749659930011258e+05
1.077749659930011258e+05
1.078231637049030687e+05
1.078231637049030687e+05
1.078231637049030687e+05
1.078231637049030687e+05
1.078231637049030687e+05
1.078231637049030687e+05
1.078231637049030687e+05
1.078231637049030687e+05
1.078231637049030687e+05
1.078231637049030687e+05
1.078231637049030687e+05
1.078231637049030687e+05
1.078231637049030687e+05
1.078231637049030687e+05
1.078231637049030687e+05
1.078231637049030687e+05
1.078231637049030687e+05
1.078231637049030687e+05
1.078231637049030687e+05
1.078231637049030687e+05
1.078231637049030687e+05
1.078231637049030687e+05
1.078231637049030687e+05
1.078231637049030687e+05
1.078231637049030687e+05
1.078231637049030687e+05
1.078231637049030687e+05
1.078231637049030687e+05
1.078231637049030687e+05
1.078231637049030687e+05
1.078231637049030687e+05
1.078231637049030687e+05
1.078231637049030687e+05
1.078231637049030687e+05
1.078247929142971261e+05
1.078247929142971261e+05
1.078247929142971261e+05
1.078247929142971261e+05
1.078247929142971261e+05
1.078247929142971261e+05
1.078247929142971261e+05
1.078247929142971261e+05
1.078247929142971261e+05
1.078247929142971261e+05
1.078247929142971261e+05
1.078247929142971261e+05
1.078247929142971261e+05
1.078247929142971261e+05
1.078247929142971261e+05
1.078247929142971261e+05
1.078247929142971261e+05
1.078247929142971261e+05
1.078247929142971261e+05
1.078247929142971261e+05
1.078247929142971261e+05
1.078247929142971261e+05
1.078247929142971261e+05
1.078247929142971261e+05
1.078247929142971261e+05
1.078247929142971261e+05
1.078247929142971261e+05
1.078247929142971261e+05
1.078247929142971261e+05
1.078247929142971261e+05
1.078247929142971261e+05
1.078247929142971261e+05
1.078247929142971261e+05
1.078247929142971261e+05
1.078247929142971261e+05
1.078247929142971261e+05
1.078247929142971261e+05
1.078247929142971261e+05
1.078247929142971261e+05
1.078247929142971261e+05
1.078248460752867541e+05
1.078248460752867541e+05
1.078248460752867541e+05
1.078248460752867541e+05
1.078248460752867541e+05
1.078248460752867541e+05
1.078248460752867541e+05
1.078248460752867541e+05
1.078248460752867541e+05
1.078248460752867541e+05
1.078248460752867541e+05
1.078248460752867541e+05
1.078248460752867541e+05
1.078248460752867541e+05
1.078248460752867541e+05
1.078248460752867541e+05
1.078248460752867541e+05
1.078248460752867541e+05
1.078248460752867541e+05
1.078248460752867541e+05
1.078248460752867541e+05
1.078248460752867541e+05
1.078248460752867541e+05
1.078248460752867541e+05
1.078248460752867541e+05
1.078248460752867541e+05
1.078248460752867541e+05
1.078248460752867541e+05
1.078248460752867541e+05
1.078248460752867541e+05
1.078248460752867541e+05
1.078248460752867541e+05
1.078248460752867541e+05
1.078248460752867541e+05
1.078248460752867541e+05
1.078248460752867541e+05
1.078248460752867541e+05
1.078248460752867541e+05
1.078248460752867541e+05
1.078248460752867541e+05
1.078248460752867541e+05
1.078248460752867541e+05
1.078248460752867541e+05
1.078248460752867541e+05
1.078248460752867541e+05
1.078248460752867541e+05
1.078248460752867541e+05
1.078248460752867541e+05
1.078248460752867541e+05
1.078248460752867541e+05
1.078248460752867541e+05
1.078248460752867541e+05
1.078248460752867541e+05
1.078248460752867541e+05
1.078248460752867541e+05
1.078248460752867541e+05
1.078248460752867541e+05
1.078248460752867541e+05
1.078248460752867541e+05
1.078248460752867541e+05
1.078248460752867541e+05
1.078248460752867541e+05
1.078248460752867541e+05
1.078248460752867541e+05
1.078248460752867541e+05
1.078248460752867541e+05
1.078248460752867541e+05
1.078248460752867541e+05
1.078248460752867541e+05
1.078248460752867541e+05
1.078248460752867541e+05
1.078248460752867541e+05
1.078248460752867541e+05
1.078248460752867541e+05
1.078252039684080228e+05
1.078252039684080228e+05
1.078252039684080228e+05
1.078252039684080228e+05
1.078252039684080228e+05
1.078252039684080228e+05
1.078252039684080228e+05
1.078259017532600847e+05
1.078259017532600847e+05
1.078259017532600847e+05
1.078259017532600847e+05
1.078259017532600847e+05
1.078259017532600847e+05
1.078259017532600847e+05
1.078259017532600847e+05
1.078259017532600847e+05
1.078486043302238686e+05
1.078486043302238686e+05
1.078486043302238686e+05
1.078486043302238686e+05
1.078486043302238686e+05
1.078486043302238686e+05
1.078486043302238686e+05
1.078486043302238686e+05
1.078486043302238686e+05
1.078486043302238686e+05
1.078486043302238686e+05
1.078486043302238686e+05
1.078486043302238686e+05
1.078486043302238686e+05
1.078486043302238686e+05
1.078486043302238686e+05
1.078486043302238686e+05
1.078486043302238686e+05
1.078486043302238686e+05
1.078486043302238686e+05
1.078486043302238686e+05
1.078486043302238686e+05
1.078486043302238686e+05
1.078486043302238686e+05
1.078486043302238686e+05
1.078486043302238686e+05
1.078486043302238686e+05
1.078486043302238686e+05
1.078486043302238686e+05
1.078486043302238686e+05
1.078486043302238686e+05
1.078486043302238686e+05
1.078486043302238686e+05
1.078486043302238686e+05
1.078486043302238686e+05
1.078486043302238686e+05
1.078486043302238686e+05
1.078486043302238686e+05
1.078486043302238686e+05
1.078486043302238686e+05
1.078486043302238686e+05
1.078486043302238686e+05
1.078486043302238686e+05
1.078486043302238686e+05
1.078486043302238686e+05
1.078486043302238686e+05
1.078486043302238686e+05
1.078486043302238686e+05
1.078486043302238686e+05
1.078486043302238686e+05
1.078486043302238686e+05
1.078486043302238686e+05
1.078486043302238686e+05
1.078486043302238686e+05
1.078486043302238686e+05
1.078486043302238686e+05
1.078486043302238686e+05
1.078486043302238686e+05
1.078486043302238686e+05
1.078486043302238686e+05
1.078486043302238686e+05
1.078486043302238686e+05
1.078486043302238686e+05
1.078486043302238686e+05
1.078842897413475148e+05
1.078842897413475148e+05
1.078842897413475148e+05
1.078842897413475148e+05
1.078842897413475148e+05
1.078842897413475148e+05
1.078842897413475148e+05
1.078902528373372479e+05
1.078902528373372479e+05
1.078902528373372479e+05
1.078902528373372479e+05
1.078902528373372479e+05
1.078902528373372479e+05
1.078902528373372479e+05
1.078902528373372479e+05
1.078902528373372479e+05
1.078902528373372479e+05
1.078902528373372479e+05
1.079364109459601605e+05
1.079364109459601605e+05
1.079364109459601605e+05
1.079364109459601605e+05
1.079364109459601605e+05
1.079364109459601605e+05
1.079364109459601605e+05
1.079364109459601605e+05
1.079364109459601605e+05
1.079364109459601605e+05
1.079364109459601605e+05
1.079364109459601605e+05
1.079364109459601605e+05
1.079364109459601605e+05
1.079364109459601605e+05
1.079364109459601605e+05
1.079364109459601605e+05
1.079364109459601605e+05
1.079364109459601605e+05
1.079364109459601605e+05
1.079364109459601605e+05
1.079364109459601605e+05
1.079364109459601605e+05
1.079394271385645261e+05
1.079394271385645261e+05
1.079394271385645261e+05
1.079394271385645261e+05
1.079394271385645261e+05
1.079394271385645261e+05
1.079394271385645261e+05
1.079394271385645261e+05
1.079394271385645261e+05
1.079394271385645261e+05
1.079394271385645261e+05
1.079394271385645261e+05
1.079394271385645261e+05
1.079394271385645261e+05
1.079394271385645261e+05
1.079480718480778887e+05
1.079480718480778887e+05
1.079480718480778887e+05
1.079480718480778887e+05
1.079480718480778887e+05
1.079480718480778887e+05
1.079480718480778887e+05
1.079480718480778887e+05
1.079480718480778887e+05
1.079480718480778887e+05
1.079480718480778887e+05
1.079480718480778887e+05
1.079480718480778887e+05
1.079812193055658863e+05
1.079812193055658863e+05
1.079812193055658863e+05
1.079812193055658863e+05
1.079812193055658863e+05
1.079812193055658863e+05
1.079812193055658863e+05
1.079812193055658863e+05
1.079812193055658863e+05
1.079812193055658863e+05
1.079812193055658863e+05
1.079812193055658863e+05
1.079812193055658863e+05
1.079812193055658863e+05
1.079812193055658863e+05
1.079812193055658863e+05
1.079812193055658863e+05
1.079812193055658863e+05
1.079812193055658863e+05
1.079812193055658863e+05
1.079812193055658863e+05
1.079812193055658863e+05
1.079812193055658863e+05
1.079812193055658863e+05
1.079812193055658863e+05
1.079812193055658863e+05
1.079812193055658863e+05
1.079812193055658863e+05
1.079812193055658863e+05
1.079812193055658863e+05
1.079812193055658863e+05
1.079812193055658863e+05
1.080105328842867602e+05
1.080105328842867602e+05
1.080105328842867602e+05
1.080105328842867602e+05
1.080105328842867602e+05
1.080105328842867602e+05
1.080105328842867602e+05
1.080105328842867602e+05
1.080105328842867602e+05
1.080105328842867602e+05
1.080105328842867602e+05
1.080105328842867602e+05
1.080340814830668678e+05
1.080340814830668678e+05
1.080340814830668678e+05
1.080340814830668678e+05
1.080340814830668678e+05
1.080340814830668678e+05
1.080340814830668678e+05
1.080340814830668678e+05
1.080340814830668678e+05
1.080340814830668678e+05
1.080340814830668678e+05
1.080340814830668678e+05
1.080340814830668678e+05
1.080340814830668678e+05
1.080340814830668678e+05
1.080340814830668678e+05
1.080340814830668678e+05
1.080340814830668678e+05
1.080340814830668678e+05
1.080340814830668678e+05
1.080340814830668678e+05
1.080340814830668678e+05
1.080340814830668678e+05
1.080512736214777688e+05
1.080512736214777688e+05
1.080512736214777688e+05
1.080616574339760700e+05
1.080616574339760700e+05
1.080616574339760700e+05
1.081356739021528338e+05
1.081356739021528338e+05
1.081356739021528338e+05
1.081356739021528338e+05
1.081356739021528338e+05
1.081430865558103978e+05
1.081430865558103978e+05
1.081430865558103978e+05
1.081430865558103978e+05
1.081430865558103978e+05
1.081430865558103978e+05
1.081430865558103978e+05
1.081430865558103978e+05
1.081430865558103978e+05
1.081430865558103978e+05
1.081430865558103978e+05
1.081430865558103978e+05
1.081430865558103978e+05
1.081430865558103978e+05
1.081430865558103978e+05
1.081430865558103978e+05
1.081430865558103978e+05
1.081430865558103978e+05
1.081430865558103978e+05
1.082404991309618636e+05
1.082404991309618636e+05
1.082404991309618636e+05
1.082404991309618636e+05
1.082404991309618636e+05
1.082404991309618636e+05
1.082404991309618636e+05
1.082404991309618636e+05
1.082994838416419661e+05
1.082994838416419661e+05
1.082994838416419661e+05
1.082994838416419661e+05
1.082994838416419661e+05
1.083024080701401108e+05
1.084280695508374338e+05
1.084280695508374338e+05
1.084280695508374338e+05
1.084280695508374338e+05
1.085627941026989574e+05
1.085627941026989574e+05
1.085627941026989574e+05
1.085627941026989574e+05
1.085627941026989574e+05
1.085627941026989574e+05
1.085627941026989574e+05
1.085627941026989574e+05
1.085627941026989574e+05
1.085627941026989574e+05
1.085627941026989574e+05
1.085627941026989574e+05
1.085627941026989574e+05
1.085627941026989574e+05
1.085627941026989574e+05
1.085627941026989574e+05
1.085627941026989574e+05
1.085627941026989574e+05
1.085627941026989574e+05
1.085627941026989574e+05
1.085627941026989574e+05
1.085627941026989574e+05
1.085627941026989574e+05
1.085627941026989574e+05
1.085627941026989574e+05
