7.309637577729185577e+05 6.179581908870481886e+06 6.400000000000000000e+01 0.000000000000000000e+00
7.308708629525440047e+05 6.179230257396595553e+06 6.400000000000000000e+01 0.000000000000000000e+00
7.303669106492892606e+05 6.179986935554596595e+06 6.400000000000000000e+01 0.000000000000000000e+00
7.297724705217590090e+05 6.179994814218743704e+06 6.400000000000000000e+01 0.000000000000000000e+00
7.307343566708005965e+05 6.178901890939273871e+06 6.400000000000000000e+01 0.000000000000000000e+00
7.309985279346087482e+05 6.179858141023425385e+06 6.400000000000000000e+01 0.000000000000000000e+00
7.305767689575147815e+05 6.178565772263431922e+06 6.400000000000000000e+01 0.000000000000000000e+00
7.307601440131460549e+05 6.178303322869994678e+06 6.400000000000000000e+01 0.000000000000000000e+00
7.289211919432124123e+05 6.179869289920477197e+06 6.400000000000000000e+01 0.000000000000000000e+00
7.307367556744073518e+05 6.178008527032279409e+06 6.400000000000000000e+01 0.000000000000000000e+00
7.307224322920847917e+05 6.177749213652557693e+06 6.400000000000000000e+01 0.000000000000000000e+00
7.298501339048568625e+05 6.179213382231667638e+06 6.400000000000000000e+01 0.000000000000000000e+00
7.307148000000000466e+05 6.177389000000000000e+06 6.400000000000000000e+01 0.000000000000000000e+00
7.307144000000000233e+05 6.177206000000000000e+06 6.400000000000000000e+01 0.000000000000000000e+00
7.307105999999999767e+05 6.177023000000000000e+06 6.400000000000000000e+01 0.000000000000000000e+00
7.307435236728498712e+05 6.176836235739199445e+06 6.400000000000000000e+01 0.000000000000000000e+00
7.308918251630802406e+05 6.176468602239320055e+06 6.400000000000000000e+01 0.000000000000000000e+00
7.302364051137076458e+05 6.176016196486692876e+06 6.400000000000000000e+01 0.000000000000000000e+00
7.309741050569278887e+05 6.176320724757615477e+06 6.400000000000000000e+01 0.000000000000000000e+00
7.309193254051955882e+05 6.176057389517453499e+06 6.400000000000000000e+01 0.000000000000000000e+00
