1.056161334636451356e+05
1.056161334636451356e+05
1.056161334636451356e+05
1.056161334636451356e+05
1.056161334636451356e+05
1.056161334636451356e+05
1.056161334636451356e+05
1.057745267734377412e+05
1.057745267734377412e+05
1.057745267734377412e+05
1.057745267734377412e+05
1.057745267734377412e+05
1.060997867828779854e+05
1.060997867828779854e+05
1.060997867828779854e+05
1.067516854012555123e+05
1.067516854012555123e+05
1.067516854012555123e+05
1.069322703955549950e+05
1.069322703955549950e+05
1.069322703955549950e+05
1.069322703955549950e+05
1.069322703955549950e+05
1.069322703955549950e+05
1.069322703955549950e+05
1.069322703955549950e+05
1.069322703955549950e+05
1.069322703955549950e+05
1.069322703955549950e+05
1.069322703955549950e+05
1.069522861500931031e+05
1.069522861500931031e+05
1.069522861500931031e+05
1.069522861500931031e+05
1.069522861500931031e+05
1.071348776097785594e+05
1.071348776097785594e+05
1.071348776097785594e+05
1.071348776097785594e+05
1.071348776097785594e+05
1.071348776097785594e+05
1.071348776097785594e+05
1.071348776097785594e+05
1.071348776097785594e+05
1.071348776097785594e+05
1.071348776097785594e+05
1.071651210453407257e+05
1.071651210453407257e+05
1.071651210453407257e+05
1.071651210453407257e+05
1.071651210453407257e+05
1.071651210453407257e+05
1.071651210453407257e+05
1.071651210453407257e+05
1.071651210453407257e+05
1.071651210453407257e+05
1.072875464215693355e+05
1.072875464215693355e+05
1.072875464215693355e+05
1.072875464215693355e+05
1.072875464215693355e+05
1.072875464215693355e+05
1.072875464215693355e+05
1.072875464215693355e+05
1.072875464215693355e+05
1.072875464215693355e+05
1.072875464215693355e+05
1.072875464215693355e+05
1.072875464215693355e+05
1.072875464215693355e+05
1.072875464215693355e+05
1.072875464215693355e+05
1.072875464215693355e+05
1.072875464215693355e+05
1.074001598643043399e+05
1.074001598643043399e+05
1.074001598643043399e+05
1.074001598643043399e+05
1.074001598643043399e+05
1.074001598643043399e+05
1.074001598643043399e+05
1.074001598643043399e+05
1.074206168829947710e+05
1.074206168829947710e+05
1.074206168829947710e+05
1.074206168829947710e+05
1.074233485640094732e+05
1.074233485640094732e+05
1.074233485640094732e+05
1.074233485640094732e+05
1.074593232880809810e+05
1.074593232880809810e+05
1.074593232880809810e+05
1.074593232880809810e+05
1.074593232880809810e+05
1.074593232880809810e+05
1.074593232880809810e+05
1.074593232880809810e+05
1.074593232880809810e+05
1.074593232880809810e+05
1.074593232880809810e+05
1.074593232880809810e+05
1.074593232880809810e+05
1.074593232880809810e+05
1.074593232880809810e+05
1.074593232880809810e+05
1.074593232880809810e+05
1.074593232880809810e+05
1.074593232880809810e+05
1.074593232880809810e+05
1.074593232880809810e+05
1.074593232880809810e+05
1.074593232880809810e+05
1.074593232880809810e+05
1.074593232880809810e+05
1.074593232880809810e+05
1.074593232880809810e+05
1.074593232880809810e+05
1.076550855833229871e+05
1.076550855833229871e+05
1.076550855833229871e+05
1.076550855833229871e+05
1.076550855833229871e+05
1.076550855833229871e+05
1.076550855833229871e+05
1.076550855833229871e+05
1.076550855833229871e+05
1.076550855833229871e+05
1.076550855833229871e+05
1.076550855833229871e+05
1.076550855833229871e+05
1.076550855833229871e+05
1.076550855833229871e+05
1.076550855833229871e+05
1.076550855833229871e+05
1.076550855833229871e+05
1.076550855833229871e+05
1.076550855833229871e+05
1.076550855833229871e+05
1.076550855833229871e+05
1.076550855833229871e+05
1.076550855833229871e+05
1.076550855833229871e+05
1.076550855833229871e+05
1.076550855833229871e+05
1.076550855833229871e+05
1.076550855833229871e+05
1.076550855833229871e+05
1.076550855833229871e+05
1.076550855833229871e+05
1.076550855833229871e+05
1.076550855833229871e+05
1.076550855833229871e+05
1.076550855833229871e+05
1.076550855833229871e+05
1.076550855833229871e+05
1.076550855833229871e+05
1.076550855833229871e+05
1.076550855833229871e+05
1.076550855833229871e+05
1.076550855833229871e+05
1.076550855833229871e+05
1.076550855833229871e+05
1.076550855833229871e+05
1.076550855833229871e+05
1.076550855833229871e+05
1.076550855833229871e+05
1.076550855833229871e+05
1.076550855833229871e+05
1.076550855833229871e+05
1.076550855833229871e+05
1.076550855833229871e+05
1.076550855833229871e+05
1.076572474199911958e+05
1.076572474199911958e+05
1.076572474199911958e+05
1.076572474199911958e+05
1.076572474199911958e+05
1.076572474199911958e+05
1.076572474199911958e+05
1.076572474199911958e+05
1.076572474199911958e+05
1.076572474199911958e+05
1.076572474199911958e+05
1.076572474199911958e+05
1.076572474199911958e+05
1.076671065114357189e+05
1.076671065114357189e+05
1.076671065114357189e+05
1.076671065114357189e+05
1.077386814611061709e+05
1.077386814611061709e+05
1.077386814611061709e+05
1.077386814611061709e+05
1.077386814611061709e+05
1.077386814611061709e+05
1.077386814611061709e+05
1.077386814611061709e+05
1.077386814611061709e+05
1.077386814611061709e+05
1.077386814611061709e+05
1.077386814611061709e+05
1.077386814611061709e+05
1.077386814611061709e+05
1.077386814611061709e+05
1.077386814611061709e+05
1.077386814611061709e+05
1.077386814611061709e+05
1.077386814611061709e+05
1.077386814611061709e+05
1.077386814611061709e+05
1.077386814611061709e+05
1.077386814611061709e+05
1.077386814611061709e+05
1.077386814611061709e+05
1.077386814611061709e+05
1.078399822900008003e+05
1.078399822900008003e+05
1.078399822900008003e+05
1.078399822900008003e+05
1.078399822900008003e+05
1.078465636924588907e+05
1.078465636924588907e+05
1.078470936665718473e+05
1.078470936665718473e+05
1.078470936665718473e+05
1.078470936665718473e+05
1.078470936665718473e+05
1.078470936665718473e+05
1.078470936665718473e+05
1.078470936665718473e+05
1.078470936665718473e+05
1.078470936665718473e+05
1.078470936665718473e+05
1.078470936665718473e+05
1.078470936665718473e+05
1.078470936665718473e+05
1.078470936665718473e+05
1.078470936665718473e+05
1.078470936665718473e+05
1.078470936665718473e+05
1.078470936665718473e+05
1.078470936665718473e+05
1.078470936665718473e+05
1.078470936665718473e+05
1.078470936665718473e+05
1.078470936665718473e+05
1.078470936665718473e+05
1.078470936665718473e+05
1.078470936665718473e+05
1.078470936665718473e+05
1.078470936665718473e+05
1.078470936665718473e+05
1.078470936665718473e+05
1.078470936665718473e+05
1.078470936665718473e+05
1.078470936665718473e+05
1.078507009788447467e+05
1.078507009788447467e+05
1.078507009788447467e+05
1.078507009788447467e+05
1.078507009788447467e+05
1.078507009788447467e+05
1.078507009788447467e+05
1.078507009788447467e+05
1.078507009788447467e+05
1.078507009788447467e+05
1.078507009788447467e+05
1.078507009788447467e+05
1.078507009788447467e+05
1.078507009788447467e+05
1.078507009788447467e+05
1.078637071448030911e+05
1.078637071448030911e+05
1.078637071448030911e+05
1.078637071448030911e+05
1.078637071448030911e+05
1.079830029822236102e+05
1.079830029822236102e+05
1.079830029822236102e+05
1.079830029822236102e+05
1.079830029822236102e+05
1.079830029822236102e+05
1.079830029822236102e+05
1.079830029822236102e+05
1.079830029822236102e+05
1.079830029822236102e+05
1.079830029822236102e+05
1.079830029822236102e+05
1.079830029822236102e+05
1.079830029822236102e+05
1.079830029822236102e+05
1.079830029822236102e+05
1.079830029822236102e+05
1.079830029822236102e+05
1.079830029822236102e+05
1.079830029822236102e+05
1.079830029822236102e+05
1.079830029822236102e+05
1.079830029822236102e+05
1.079830029822236102e+05
1.079830029822236102e+05
1.079974111994358973e+05
1.079974111994358973e+05
1.079974111994358973e+05
1.079974111994358973e+05
1.079974111994358973e+05
1.079974111994358973e+05
1.079974111994358973e+05
1.079974111994358973e+05
1.079974111994358973e+05
1.079974111994358973e+05
1.079974111994358973e+05
1.079974111994358973e+05
1.079974111994358973e+05
1.079974111994358973e+05
1.079974111994358973e+05
1.079974111994358973e+05
1.079974111994358973e+05
1.079974111994358973e+05
1.079974111994358973e+05
1.079974111994358973e+05
1.079974111994358973e+05
1.079974111994358973e+05
1.079974111994358973e+05
1.079974111994358973e+05
1.079974111994358973e+05
1.079974111994358973e+05
1.079974111994358973e+05
1.079974111994358973e+05
1.079974111994358973e+05
1.079974111994358973e+05
1.079974111994358973e+05
1.079974111994358973e+05
1.079974111994358973e+05
1.079974111994358973e+05
1.079974111994358973e+05
1.079974111994358973e+05
1.079974111994358973e+05
1.079974111994358973e+05
1.079974111994358973e+05
1.079974111994358973e+05
1.079974111994358973e+05
1.079974111994358973e+05
1.079974111994358973e+05
1.079974111994358973e+05
1.079974111994358973e+05
1.079974111994358973e+05
1.079974111994358973e+05
1.079974111994358973e+05
1.079974111994358973e+05
1.080080947214140615e+05
1.080080947214140615e+05
1.080080947214140615e+05
1.080080947214140615e+05
1.080450722008269804e+05
1.080450722008269804e+05
1.080724894748011284e+05
1.080823251697988453e+05
1.080823251697988453e+05
1.080823251697988453e+05
1.080823251697988453e+05
1.080823251697988453e+05
1.080823251697988453e+05
1.080823251697988453e+05
1.080823251697988453e+05
1.080823251697988453e+05
1.080823251697988453e+05
1.080823251697988453e+05
1.080823251697988453e+05
1.081386375929469505e+05
1.081386375929469505e+05
1.081386375929469505e+05
1.081386375929469505e+05
1.081386375929469505e+05
1.081386375929469505e+05
1.081386375929469505e+05
1.081386375929469505e+05
1.081386375929469505e+05
1.081386375929469505e+05
1.081386375929469505e+05
1.081386375929469505e+05
1.081386375929469505e+05
1.081386375929469505e+05
1.081445697030111187e+05
1.081445697030111187e+05
1.081445697030111187e+05
1.081445697030111187e+05
1.081445697030111187e+05
1.081445697030111187e+05
1.081445697030111187e+05
1.081445697030111187e+05
1.081445697030111187e+05
1.081445697030111187e+05
1.081445697030111187e+05
1.081445697030111187e+05
1.081445697030111187e+05
1.081445697030111187e+05
1.081445697030111187e+05
1.081445697030111187e+05
1.081445697030111187e+05
1.081445697030111187e+05
1.081445697030111187e+05
1.081445697030111187e+05
1.081445697030111187e+05
1.083125899989198515e+05
1.083125899989198515e+05
1.083125899989198515e+05
1.083125899989198515e+05
1.083125899989198515e+05
1.083125899989198515e+05
1.083125899989198515e+05
1.083125899989198515e+05
1.083125899989198515e+05
1.083125899989198515e+05
1.083125899989198515e+05
1.083125899989198515e+05
1.083125899989198515e+05
1.083126832174786832e+05
1.083126832174786832e+05
1.083126832174786832e+05
1.083126832174786832e+05
1.083126832174786832e+05
1.083126832174786832e+05
1.083126832174786832e+05
1.083126832174786832e+05
1.083171788923545246e+05
1.083171788923545246e+05
1.083171788923545246e+05
1.083171788923545246e+05
1.083171788923545246e+05
1.083171788923545246e+05
1.083171788923545246e+05
1.083171788923545246e+05
1.083171788923545246e+05
1.083171788923545246e+05
1.083171788923545246e+05
1.083171788923545246e+05
1.083171788923545246e+05
1.083171788923545246e+05
1.083171788923545246e+05
1.083171788923545246e+05
1.084134982977131003e+05
1.084134982977131003e+05
1.084134982977131003e+05
1.084134982977131003e+05
1.084134982977131003e+05
1.084134982977131003e+05
1.084134982977131003e+05
1.084134982977131003e+05
1.084134982977131003e+05
1.084134982977131003e+05
1.084134982977131003e+05
1.084134982977131003e+05
1.084134982977131003e+05
1.084134982977131003e+05
1.084134982977131003e+05
1.084134982977131003e+05
1.084134982977131003e+05
1.084236320299950021e+05
1.084236320299950021e+05
1.084236320299950021e+05
1.084236320299950021e+05
1.084236320299950021e+05
1.084236320299950021e+05
1.084236320299950021e+05
1.084236320299950021e+05
1.084236320299950021e+05
1.084236320299950021e+05
1.084236320299950021e+05
1.084236320299950021e+05
1.084236320299950021e+05
1.084236320299950021e+05
1.084236320299950021e+05
1.084236320299950021e+05
1.084236320299950021e+05
1.084236320299950021e+05
1.084236320299950021e+05
1.084236320299950021e+05
1.084236320299950021e+05
1.084236320299950021e+05
1.084236320299950021e+05
1.084236320299950021e+05
1.084236320299950021e+05
1.084236320299950021e+05
1.084236320299950021e+05
1.084236320299950021e+05
1.084236320299950021e+05
1.084236320299950021e+05
1.084236320299950021e+05
1.084236320299950021e+05
1.084236320299950021e+05
1.084236320299950021e+05
1.084236320299950021e+05
1.084236320299950021e+05
1.084236320299950021e+05
1.084236320299950021e+05
1.084236320299950021e+05
1.084236320299950021e+05
1.084236320299950021e+05
1.084236320299950021e+05
1.084236320299950021e+05
1.084236320299950021e+05
1.084236320299950021e+05
1.084236320299950021e+05
1.084236320299950021e+05
1.084236320299950021e+05
1.084236320299950021e+05
1.084236320299950021e+05
1.084236320299950021e+05
1.084236320299950021e+05
1.084236320299950021e+05
1.084236320299950021e+05
1.084236320299950021e+05
1.084236320299950021e+05
1.084634012201566802e+05
1.084634012201566802e+05
1.084634012201566802e+05
1.084634012201566802e+05
1.084634012201566802e+05
1.084634012201566802e+05
1.084634012201566802e+05
1.084634012201566802e+05
1.084634012201566802e+05
1.084634012201566802e+05
1.084687454655337788e+05
1.084687454655337788e+05
1.084687454655337788e+05
1.086080069823948143e+05
1.086080069823948143e+05
1.086080069823948143e+05
1.086080069823948143e+05
1.086080069823948143e+05
1.086080069823948143e+05
1.086080069823948143e+05
1.086080069823948143e+05
1.086080069823948143e+05
1.086080069823948143e+05
1.086080069823948143e+05
1.086080069823948143e+05
1.086080069823948143e+05
1.086080069823948143e+05
1.086080069823948143e+05
1.086080069823948143e+05
1.086080069823948143e+05
1.086080069823948143e+05
1.086080069823948143e+05
1.086080069823948143e+05
1.086080069823948143e+05
1.086080069823948143e+05
1.086080069823948143e+05
1.086080069823948143e+05
1.086080069823948143e+05
1.086080069823948143e+05
1.086080069823948143e+05
1.086080069823948143e+05
1.086080069823948143e+05
1.086080069823948143e+05
1.086080069823948143e+05
1.086080069823948143e+05
1.086080069823948143e+05
1.086080069823948143e+05
1.086080069823948143e+05
1.086080069823948143e+05
1.086080069823948143e+05
1.086080069823948143e+05
1.086080069823948143e+05
1.086080069823948143e+05
1.086080069823948143e+05
1.086080069823948143e+05
1.086080069823948143e+05
1.086080069823948143e+05
1.086080069823948143e+05
1.086080069823948143e+05
1.086080069823948143e+05
1.086080069823948143e+05
1.086080069823948143e+05
1.086080069823948143e+05
1.086080069823948143e+05
1.086080069823948143e+05
1.086080069823948143e+05
1.086080069823948143e+05
1.086080069823948143e+05
1.086080069823948143e+05
1.086080069823948143e+05
1.086080069823948143e+05
1.086080069823948143e+05
1.086080069823948143e+05
1.086080069823948143e+05
1.086080069823948143e+05
1.086080069823948143e+05
1.086080069823948143e+05
1.086080069823948143e+05
1.086080069823948143e+05
1.086080069823948143e+05
1.086080069823948143e+05
1.086080069823948143e+05
1.086080069823948143e+05
1.086080069823948143e+05
1.086080069823948143e+05
1.086080069823948143e+05
1.086080069823948143e+05
1.086080069823948143e+05
1.086080069823948143e+05
1.086080069823948143e+05
1.086080069823948143e+05
1.086080069823948143e+05
1.086080069823948143e+05
1.086080069823948143e+05
1.086080069823948143e+05
1.086080069823948143e+05
1.086080069823948143e+05
1.086080069823948143e+05
1.086080069823948143e+05
1.086080069823948143e+05
1.086080069823948143e+05
1.086080069823948143e+05
1.086080069823948143e+05
1.086080069823948143e+05
1.086080069823948143e+05
1.086080069823948143e+05
1.086080069823948143e+05
1.086080069823948143e+05
1.086080069823948143e+05
1.086080069823948143e+05
1.086080069823948143e+05
1.086080069823948143e+05
1.086080069823948143e+05
1.086080069823948143e+05
1.086449757625937491e+05
1.086449757625937491e+05
1.086449757625937491e+05
1.086449757625937491e+05
1.086449757625937491e+05
1.086449757625937491e+05
1.086449757625937491e+05
1.086449757625937491e+05
1.086449757625937491e+05
1.086449757625937491e+05
1.086449757625937491e+05
1.086449757625937491e+05
1.086449757625937491e+05
1.086449757625937491e+05
1.086449757625937491e+05
1.086449757625937491e+05
1.086449757625937491e+05
1.086449757625937491e+05
1.086449757625937491e+05
1.086449757625937491e+05
1.086449757625937491e+05
1.086449757625937491e+05
1.086449757625937491e+05
1.086578365378156304e+05
1.086578365378156304e+05
1.086578365378156304e+05
1.086578365378156304e+05
1.086578365378156304e+05
1.086578365378156304e+05
1.086578365378156304e+05
1.086578365378156304e+05
1.086578365378156304e+05
1.086578365378156304e+05
1.086578365378156304e+05
1.086578365378156304e+05
1.086578365378156304e+05
1.086578365378156304e+05
1.086578365378156304e+05
1.086578365378156304e+05
1.086685979563758738e+05
1.086685979563758738e+05
1.086685979563758738e+05
1.086685979563758738e+05
1.086685979563758738e+05
1.086685979563758738e+05
1.086694498382128659e+05
1.086694498382128659e+05
1.086694498382128659e+05
1.086694498382128659e+05
1.086694498382128659e+05
1.086694498382128659e+05
1.086694498382128659e+05
1.086694498382128659e+05
1.086694498382128659e+05
1.086694498382128659e+05
1.086694498382128659e+05
1.086694498382128659e+05
1.086694498382128659e+05
1.086694498382128659e+05
1.086694498382128659e+05
1.086694498382128659e+05
1.086694498382128659e+05
1.086694498382128659e+05
1.086694498382128659e+05
1.086694498382128659e+05
1.086694498382128659e+05
1.086694498382128659e+05
1.086694498382128659e+05
1.086694498382128659e+05
1.086694498382128659e+05
1.086694498382128659e+05
1.086694498382128659e+05
1.086694498382128659e+05
1.086694498382128659e+05
1.086694498382128659e+05
1.086694498382128659e+05
1.086694498382128659e+05
1.086694498382128659e+05
1.086694498382128659e+05
1.086694498382128659e+05
1.086694498382128659e+05
1.086694498382128659e+05
1.086892490748557902e+05
1.086892490748557902e+05
1.086892490748557902e+05
1.086892490748557902e+05
1.086892490748557902e+05
1.086892490748557902e+05
1.086892490748557902e+05
1.086892490748557902e+05
1.086892490748557902e+05
1.086892490748557902e+05
1.086892490748557902e+05
1.086892490748557902e+05
1.086892490748557902e+05
1.086892490748557902e+05
1.086892490748557902e+05
1.086892490748557902e+05
1.086892490748557902e+05
1.086892490748557902e+05
1.086892490748557902e+05
1.086892490748557902e+05
1.086892490748557902e+05
1.086892490748557902e+05
1.086892490748557902e+05
1.086892490748557902e+05
1.086892490748557902e+05
1.086892490748557902e+05
1.086892490748557902e+05
1.086892490748557902e+05
1.086892490748557902e+05
1.086892490748557902e+05
1.086892490748557902e+05
1.086892490748557902e+05
1.086892490748557902e+05
1.086892490748557902e+05
1.086892490748557902e+05
1.086892490748557902e+05
1.086892490748557902e+05
1.086892490748557902e+05
1.086892490748557902e+05
1.086892490748557902e+05
1.086892490748557902e+05
1.086892490748557902e+05
1.086892490748557902e+05
1.086892490748557902e+05
1.086892490748557902e+05
1.086892490748557902e+05
1.086892490748557902e+05
1.086892490748557902e+05
1.086892490748557902e+05
1.086892490748557902e+05
1.086892490748557902e+05
1.086892490748557902e+05
1.087060792982671701e+05
1.087060792982671701e+05
1.087060792982671701e+05
1.087060792982671701e+05
1.087060792982671701e+05
1.087060792982671701e+05
1.087060792982671701e+05
1.087060792982671701e+05
1.087060792982671701e+05
1.087060792982671701e+05
1.087060792982671701e+05
1.087060792982671701e+05
1.087060792982671701e+05
1.087060792982671701e+05
1.087060792982671701e+05
1.087060792982671701e+05
1.087480321850576584e+05
1.087480321850576584e+05
1.087480321850576584e+05
1.087480321850576584e+05
1.087480321850576584e+05
1.087480321850576584e+05
1.087480321850576584e+05
1.087480321850576584e+05
1.087480321850576584e+05
1.087480321850576584e+05
1.087480321850576584e+05
1.087480321850576584e+05
1.087480321850576584e+05
1.087480321850576584e+05
1.087480321850576584e+05
1.087480321850576584e+05
1.087480321850576584e+05
1.087480321850576584e+05
1.087480321850576584e+05
1.087480321850576584e+05
1.087480321850576584e+05
1.087480321850576584e+05
1.087480321850576584e+05
1.087480321850576584e+05
1.087480321850576584e+05
1.087480321850576584e+05
1.087480321850576584e+05
1.087480321850576584e+05
1.087480321850576584e+05
1.087480321850576584e+05
1.087480321850576584e+05
1.087480321850576584e+05
1.087480321850576584e+05
1.087480321850576584e+05
1.087480321850576584e+05
1.087480321850576584e+05
1.087480321850576584e+05
1.087480321850576584e+05
1.087480321850576584e+05
1.087480321850576584e+05
1.087480321850576584e+05
1.087480321850576584e+05
1.087480321850576584e+05
1.087480321850576584e+05
1.087480321850576584e+05
1.087480321850576584e+05
1.087543991037858068e+05
1.087543991037858068e+05
1.087543991037858068e+05
1.087543991037858068e+05
1.087543991037858068e+05
1.087543991037858068e+05
1.087543991037858068e+05
1.087543991037858068e+05
1.087543991037858068e+05
1.087543991037858068e+05
1.087543991037858068e+05
1.087543991037858068e+05
1.087543991037858068e+05
1.087543991037858068e+05
1.087543991037858068e+05
1.087543991037858068e+05
1.087543991037858068e+05
1.087543991037858068e+05
1.087543991037858068e+05
1.087543991037858068e+05
1.087543991037858068e+05
1.087543991037858068e+05
1.087543991037858068e+05
1.087543991037858068e+05
1.087543991037858068e+05
1.087543991037858068e+05
1.087543991037858068e+05
1.087543991037858068e+05
1.087543991037858068e+05
1.087543991037858068e+05
1.087543991037858068e+05
1.087543991037858068e+05
1.087543991037858068e+05
1.087543991037858068e+05
1.087543991037858068e+05
1.087543991037858068e+05
1.087543991037858068e+05
1.087688796870260267e+05
1.087688796870260267e+05
1.087688796870260267e+05
1.087688796870260267e+05
1.087688796870260267e+05
1.087688796870260267e+05
1.087688796870260267e+05
1.087688796870260267e+05
1.087688796870260267e+05
1.087688796870260267e+05
1.087688796870260267e+05
1.087688796870260267e+05
1.087688796870260267e+05
1.087688796870260267e+05
1.087688796870260267e+05
1.087688796870260267e+05
1.087688796870260267e+05
1.087688796870260267e+05
1.087688796870260267e+05
1.087688796870260267e+05
1.087688796870260267e+05
1.087688796870260267e+05
1.087688796870260267e+05
1.087688796870260267e+05
1.087688796870260267e+05
1.087688796870260267e+05
1.087688796870260267e+05
1.087688796870260267e+05
1.087688796870260267e+05
1.087688796870260267e+05
1.087688796870260267e+05
1.087688796870260267e+05
1.087688796870260267e+05
1.087688796870260267e+05
1.087688796870260267e+05
1.087688796870260267e+05
1.087688796870260267e+05
1.087688796870260267e+05
1.087688796870260267e+05
1.087688796870260267e+05
1.087688796870260267e+05
1.087688796870260267e+05
1.087688796870260267e+05
1.087688796870260267e+05
1.087688796870260267e+05
1.087688796870260267e+05
1.087688796870260267e+05
1.087688796870260267e+05
1.087688796870260267e+05
1.087688796870260267e+05
1.087688796870260267e+05
1.087688796870260267e+05
1.087688796870260267e+05
1.087688796870260267e+05
1.087688796870260267e+05
1.087688796870260267e+05
1.087688796870260267e+05
1.087688796870260267e+05
1.087688796870260267e+05
1.087688796870260267e+05
1.087688796870260267e+05
1.087688796870260267e+05
1.087688796870260267e+05
1.087688796870260267e+05
1.087688796870260267e+05
1.087761423588209145e+05
1.087761423588209145e+05
1.087761423588209145e+05
1.087761423588209145e+05
1.087761423588209145e+05
1.087761423588209145e+05
1.087761423588209145e+05
1.087761423588209145e+05
1.087761423588209145e+05
1.087761423588209145e+05
1.087761423588209145e+05
1.087761423588209145e+05
1.087761423588209145e+05
1.087761423588209145e+05
1.087761423588209145e+05
1.087761423588209145e+05
1.087761423588209145e+05
1.087761423588209145e+05
1.087761423588209145e+05
1.087761423588209145e+05
1.087761423588209145e+05
1.088166048405111796e+05
1.088166048405111796e+05
1.088166048405111796e+05
1.088166048405111796e+05
1.088166048405111796e+05
1.088166048405111796e+05
1.088166048405111796e+05
1.088166048405111796e+05
1.088166048405111796e+05
1.088166048405111796e+05
1.088166048405111796e+05
1.088166048405111796e+05
1.088166048405111796e+05
1.088166048405111796e+05
1.088166048405111796e+05
1.088166048405111796e+05
1.088166048405111796e+05
1.088166048405111796e+05
1.088166048405111796e+05
1.088166048405111796e+05
1.088166048405111796e+05
1.088166048405111796e+05
1.088166048405111796e+05
1.088166048405111796e+05
1.088166048405111796e+05
1.088166048405111796e+05
1.088166048405111796e+05
1.088166048405111796e+05
1.088166048405111796e+05
1.088166048405111796e+05
1.088166048405111796e+05
1.088166048405111796e+05
1.088166048405111796e+05
1.088166048405111796e+05
1.088166048405111796e+05
1.088166048405111796e+05
1.088166048405111796e+05
1.088166048405111796e+05
1.088166048405111796e+05
1.088166048405111796e+05
1.088166048405111796e+05
1.088166048405111796e+05
1.088166048405111796e+05
1.088166048405111796e+05
1.088166048405111796e+05
1.088166048405111796e+05
1.088166048405111796e+05
1.088166048405111796e+05
1.088166048405111796e+05
1.088166048405111796e+05
1.088166048405111796e+05
1.088166048405111796e+05
