7.304589000000000233e+05 6.179565000000000000e+06 6.400000000000000000e+01 0.000000000000000000e+00
7.309755586784929037e+05 6.179776659285592847e+06 6.400000000000000000e+01 0.000000000000000000e+00
7.305330968900945736e+05 6.179211640316498466e+06 6.400000000000000000e+01 0.000000000000000000e+00
7.309471961903889896e+05 6.179385109589896165e+06 6.400000000000000000e+01 0.000000000000000000e+00
7.288041152951058466e+05 6.179778999242209829e+06 6.400000000000000000e+01 0.000000000000000000e+00
7.308663050259036245e+05 6.178860059761178680e+06 6.400000000000000000e+01 0.000000000000000000e+00
7.296864621551184682e+05 6.179905142291696742e+06 6.400000000000000000e+01 0.000000000000000000e+00
7.303167815533136018e+05 6.179922563773010857e+06 6.400000000000000000e+01 0.000000000000000000e+00
7.306829000000000233e+05 6.178120000000000000e+06 6.400000000000000000e+01 0.000000000000000000e+00
7.306475986044335878e+05 6.178475148722206242e+06 6.400000000000000000e+01 0.000000000000000000e+00
7.307432916484450689e+05 6.177754811420897953e+06 6.400000000000000000e+01 0.000000000000000000e+00
7.307907102196493652e+05 6.177517199322622269e+06 6.400000000000000000e+01 0.000000000000000000e+00
7.294840213933022460e+05 6.179006362534353510e+06 6.400000000000000000e+01 0.000000000000000000e+00
7.308682525266883895e+05 6.177185794239925221e+06 6.400000000000000000e+01 0.000000000000000000e+00
7.290194397965405369e+05 6.178704383208463900e+06 6.400000000000000000e+01 0.000000000000000000e+00
7.309213638963613193e+05 6.176768696043336764e+06 6.400000000000000000e+01 0.000000000000000000e+00
7.309653114741529571e+05 6.176330549858859740e+06 6.400000000000000000e+01 0.000000000000000000e+00
7.300735793351907050e+05 6.176837285514572635e+06 6.400000000000000000e+01 0.000000000000000000e+00
7.292520430181204574e+05 6.179826062852424569e+06 6.400000000000000000e+01 0.000000000000000000e+00
7.306257353862058371e+05 6.176091279136439785e+06 6.400000000000000000e+01 0.000000000000000000e+00
