7.304589000000000233e+05 6.179565000000000000e+06 6.400000000000000000e+01 0.000000000000000000e+00
7.304985999999999767e+05 6.179386000000000000e+06 6.400000000000000000e+01 0.000000000000000000e+00
7.305348000000000466e+05 6.179207000000000000e+06 6.400000000000000000e+01 0.000000000000000000e+00
7.305676999999999534e+05 6.179027000000000000e+06 6.400000000000000000e+01 0.000000000000000000e+00
7.305974000000000233e+05 6.178847000000000000e+06 6.400000000000000000e+01 0.000000000000000000e+00
7.306235999999999767e+05 6.178666000000000000e+06 6.400000000000000000e+01 0.000000000000000000e+00
7.306465999999999767e+05 6.178484000000000000e+06 6.400000000000000000e+01 0.000000000000000000e+00
7.306663000000000466e+05 6.178302000000000000e+06 6.400000000000000000e+01 0.000000000000000000e+00
7.306829000000000233e+05 6.178120000000000000e+06 6.400000000000000000e+01 0.000000000000000000e+00
7.306956999999999534e+05 6.177938000000000000e+06 6.400000000000000000e+01 0.000000000000000000e+00
7.307054000000000233e+05 6.177755000000000000e+06 6.400000000000000000e+01 0.000000000000000000e+00
7.307116999999999534e+05 6.177572000000000000e+06 6.400000000000000000e+01 0.000000000000000000e+00
7.307148000000000466e+05 6.177389000000000000e+06 6.400000000000000000e+01 0.000000000000000000e+00
7.307144000000000233e+05 6.177206000000000000e+06 6.400000000000000000e+01 0.000000000000000000e+00
7.307105999999999767e+05 6.177023000000000000e+06 6.400000000000000000e+01 0.000000000000000000e+00
7.307036999999999534e+05 6.176841000000000000e+06 6.400000000000000000e+01 0.000000000000000000e+00
7.306933000000000466e+05 6.176658000000000000e+06 6.400000000000000000e+01 0.000000000000000000e+00
7.306795000000000000e+05 6.176476000000000000e+06 6.400000000000000000e+01 0.000000000000000000e+00
7.306625999999999767e+05 6.176293000000000000e+06 6.400000000000000000e+01 0.000000000000000000e+00
7.306421999999999534e+05 6.176112000000000000e+06 6.400000000000000000e+01 0.000000000000000000e+00
