1.056161334636451356e+05
1.056161334636451356e+05
1.056161334636451356e+05
1.056161334636451356e+05
1.056161334636451356e+05
1.056161334636451356e+05
1.056161334636451356e+05
1.056161334636451356e+05
1.056161334636451356e+05
1.056161334636451356e+05
1.056161334636451356e+05
1.056161334636451356e+05
1.056161334636451356e+05
1.056161334636451356e+05
1.056165870437495032e+05
1.056165870437495032e+05
1.056165870437495032e+05
1.056165870437495032e+05
1.056165870437495032e+05
1.056165962332286872e+05
1.056165962332286872e+05
1.056165962332286872e+05
1.056321171274789522e+05
1.056321171274789522e+05
1.056321171274789522e+05
1.056321171274789522e+05
1.056321171274789522e+05
1.056321171274789522e+05
1.056321171274789522e+05
1.056321171274789522e+05
1.056321171274789522e+05
1.056321171274789522e+05
1.056321171274789522e+05
1.056321171274789522e+05
1.056321171274789522e+05
1.056321171274789522e+05
1.056321171274789522e+05
1.056321171274789522e+05
1.056321171274789522e+05
1.056321171274789522e+05
1.056321459299207927e+05
1.057748686684828572e+05
1.057748686684828572e+05
1.057748686684828572e+05
1.057748686684828572e+05
1.057795585909725633e+05
1.057795585909725633e+05
1.057795585909725633e+05
1.057905696025560173e+05
1.057905696025560173e+05
1.057905696025560173e+05
1.057905696025560173e+05
1.057905696025560173e+05
1.057905696025560173e+05
1.057905696025560173e+05
1.057905696025560173e+05
1.057905696025560173e+05
1.057905696025560173e+05
1.057905696025560173e+05
1.057905696025560173e+05
1.057905696025560173e+05
1.057905696025560173e+05
1.058292843422197184e+05
1.058292843422197184e+05
1.058292843422197184e+05
1.058292843422197184e+05
1.058292843422197184e+05
1.058818662769085931e+05
1.058818662769085931e+05
1.058818662769085931e+05
1.058818662769085931e+05
1.058818662769085931e+05
1.058818662769085931e+05
1.058818662769085931e+05
1.058818662769085931e+05
1.058818662769085931e+05
1.060041529965528171e+05
1.060041529965528171e+05
1.060041529965528171e+05
1.060041529965528171e+05
1.060041529965528171e+05
1.060041529965528171e+05
1.060041529965528171e+05
1.060041529965528171e+05
1.060041529965528171e+05
1.060041529965528171e+05
1.060041529965528171e+05
1.060041529965528171e+05
1.060041529965528171e+05
1.060041529965528171e+05
1.060041529965528171e+05
1.060041529965528171e+05
1.060041529965528171e+05
1.060124999655550637e+05
1.060124999655550637e+05
1.060124999655550637e+05
1.060124999655550637e+05
1.060124999655550637e+05
1.060124999655550637e+05
1.060124999655550637e+05
1.060124999655550637e+05
1.060124999655550637e+05
1.060141389739411825e+05
1.060141389739411825e+05
1.060141389739411825e+05
1.060141389739411825e+05
1.060141389739411825e+05
1.060141389739411825e+05
1.060141389739411825e+05
1.060141389739411825e+05
1.060141389739411825e+05
1.060141389739411825e+05
1.060141389739411825e+05
1.060141389739411825e+05
1.060141389739411825e+05
1.060149152381878230e+05
1.060932563921148540e+05
1.060932563921148540e+05
1.060932563921148540e+05
1.060932563921148540e+05
1.060932563921148540e+05
1.060932563921148540e+05
1.060932563921148540e+05
1.060932563921148540e+05
1.060932563921148540e+05
1.060932563921148540e+05
1.060932563921148540e+05
1.060932563921148540e+05
1.060932563921148540e+05
1.060932563921148540e+05
1.060932563921148540e+05
1.060932563921148540e+05
1.060932563921148540e+05
1.060932563921148540e+05
1.060932563921148540e+05
1.060932563921148540e+05
1.060932563921148540e+05
1.060932563921148540e+05
1.060932563921148540e+05
1.060932563921148540e+05
1.060932563921148540e+05
1.060932563921148540e+05
1.060932563921148540e+05
1.060932563921148540e+05
1.060932563921148540e+05
1.060932563921148540e+05
1.060932563921148540e+05
1.060932563921148540e+05
1.060932563921148540e+05
1.060932563921148540e+05
1.060932563921148540e+05
1.060932563921148540e+05
1.060932563921148540e+05
1.060932563921148540e+05
1.060932563921148540e+05
1.060932563921148540e+05
1.060932563921148540e+05
1.060932563921148540e+05
1.060932563921148540e+05
1.060932563921148540e+05
1.060932563921148540e+05
1.060940219325639773e+05
1.061059403305794840e+05
1.061059403305794840e+05
1.061059403305794840e+05
1.061059403305794840e+05
1.061059403305794840e+05
1.061059403305794840e+05
1.061059403305794840e+05
1.061059403305794840e+05
1.061059403305794840e+05
1.061059403305794840e+05
1.061059403305794840e+05
1.061059403305794840e+05
1.061059403305794840e+05
1.061059403305794840e+05
1.061059403305794840e+05
1.061059403305794840e+05
1.061064178392589820e+05
1.061064178392589820e+05
1.061064178392589820e+05
1.061064178392589820e+05
1.061064178392589820e+05
1.061064178392589820e+05
1.061064178392589820e+05
1.061064178392589820e+05
1.061064178392589820e+05
1.061064178392589820e+05
1.061064178392589820e+05
1.061064178392589820e+05
1.061064178392589820e+05
1.061064178392589820e+05
1.061064178392589820e+05
1.061064178392589820e+05
1.061064178392589820e+05
1.061064178392589820e+05
1.061079064486356365e+05
1.061079064486356365e+05
1.061079064486356365e+05
1.061079064486356365e+05
1.061079064486356365e+05
1.061079064486356365e+05
1.061079064486356365e+05
1.061646363655298337e+05
1.061646363655298337e+05
1.061646363655298337e+05
1.061646363655298337e+05
1.061646363655298337e+05
1.061646363655298337e+05
1.061798998980262841e+05
1.061798998980262841e+05
1.061798998980262841e+05
1.062035523889206816e+05
1.062035523889206816e+05
1.062035523889206816e+05
1.062057526723149058e+05
1.062086771334061923e+05
1.062086771334061923e+05
1.062086771334061923e+05
1.062086771334061923e+05
1.062091495725246787e+05
1.062091495725246787e+05
1.062091495725246787e+05
1.062091495725246787e+05
1.062091495725246787e+05
1.062091495725246787e+05
1.062091495725246787e+05
1.062091495725246787e+05
1.062091495725246787e+05
1.062091495725246787e+05
1.062091495725246787e+05
1.062091495725246787e+05
1.062093752680994221e+05
1.062093752680994221e+05
1.062093752680994221e+05
1.062093752680994221e+05
1.062093752680994221e+05
1.062094120488055196e+05
1.062094120488055196e+05
1.062094120488055196e+05
1.062094120488055196e+05
1.062094120488055196e+05
1.062094120488055196e+05
1.062094120488055196e+05
1.062094120488055196e+05
1.062094120488055196e+05
1.062094120488055196e+05
1.062094120488055196e+05
1.062192604174028529e+05
1.062192604174028529e+05
1.062192604174028529e+05
1.062192604174028529e+05
1.062192604174028529e+05
1.062197750888363807e+05
1.062403939441512484e+05
1.062403939441512484e+05
1.062403939441512484e+05
1.062403939441512484e+05
1.062403939441512484e+05
1.062403939441512484e+05
1.062403939441512484e+05
1.062403939441512484e+05
1.062403939441512484e+05
1.062403939441512484e+05
1.062403939441512484e+05
1.062403939441512484e+05
1.062403939441512484e+05
1.062403939441512484e+05
1.062403939441512484e+05
1.062403939441512484e+05
1.062403939441512484e+05
1.062414603610033373e+05
1.062414603610033373e+05
1.062414603610033373e+05
1.062414603610033373e+05
1.062592233196769666e+05
1.062592233196769666e+05
1.062592233196769666e+05
1.063627990566489752e+05
1.063627990566489752e+05
1.063627990566489752e+05
1.063627990566489752e+05
1.063627990566489752e+05
1.063636601170537178e+05
1.063636601170537178e+05
1.063636601170537178e+05
1.063636601170537178e+05
1.063636601170537178e+05
1.063907685699443537e+05
1.063907685699443537e+05
1.063907685699443537e+05
1.063907685699443537e+05
1.063907685699443537e+05
1.063907685699443537e+05
1.063907685699443537e+05
1.063907685699443537e+05
1.063907685699443537e+05
1.063907685699443537e+05
1.063907685699443537e+05
1.063907685699443537e+05
1.063907685699443537e+05
1.063907685699443537e+05
1.063907685699443537e+05
1.063907685699443537e+05
1.063907685699443537e+05
1.063907685699443537e+05
1.063907685699443537e+05
1.063907685699443537e+05
1.063907685699443537e+05
1.063907685699443537e+05
1.064140104204859963e+05
1.064140104204859963e+05
1.064152403050226567e+05
1.064152403050226567e+05
1.064152403050226567e+05
1.064152403050226567e+05
1.064152403050226567e+05
1.064152403050226567e+05
1.064225288949811802e+05
1.064397268159672094e+05
1.064397268159672094e+05
1.064397268159672094e+05
1.064397268159672094e+05
1.064397268159672094e+05
1.064397268159672094e+05
1.064397268159672094e+05
1.064408960067545268e+05
1.064408960067545268e+05
1.064408960067545268e+05
1.064408960067545268e+05
1.064408960067545268e+05
1.064408960067545268e+05
1.064408960067545268e+05
1.064408960067545268e+05
1.064408960067545268e+05
1.064408960067545268e+05
1.064408960067545268e+05
1.064408960067545268e+05
1.064408960067545268e+05
1.064408960067545268e+05
1.064408960067545268e+05
1.064408960067545268e+05
1.064408960067545268e+05
1.064408960067545268e+05
1.064408960067545268e+05
1.064408960067545268e+05
1.064408960067545268e+05
1.064408960067545268e+05
1.064408960067545268e+05
1.064792577022863261e+05
1.064792577022863261e+05
1.064792577022863261e+05
1.064792577022863261e+05
1.064792577022863261e+05
1.064792577022863261e+05
1.064798389835550188e+05
1.064926007713653380e+05
1.064926007713653380e+05
1.064926007713653380e+05
1.065051691941933823e+05
1.065051691941933823e+05
1.065051691941933823e+05
1.065051691941933823e+05
1.065051691941933823e+05
1.065051691941933823e+05
1.065051691941933823e+05
1.065051691941933823e+05
1.065051691941933823e+05
1.065051691941933823e+05
1.065051691941933823e+05
1.065051691941933823e+05
1.065051691941933823e+05
1.065051691941933823e+05
1.065051691941933823e+05
1.065130264317033289e+05
1.065130264317033289e+05
1.065130264317033289e+05
1.065130264317033289e+05
1.065130264317033289e+05
1.065130264317033289e+05
1.065138969408989069e+05
1.065138969408989069e+05
1.065138969408989069e+05
1.065242185939625197e+05
1.065242185939625197e+05
1.065242185939625197e+05
1.065242185939625197e+05
1.065242185939625197e+05
1.065242185939625197e+05
1.065242185939625197e+05
1.065242505262879567e+05
1.065242505262879567e+05
1.065242505262879567e+05
1.065890738185702357e+05
1.065890738185702357e+05
1.065890738185702357e+05
1.065890738185702357e+05
1.065890738185702357e+05
1.065890738185702357e+05
1.065890738185702357e+05
1.065890738185702357e+05
1.065890738185702357e+05
1.065987337627572415e+05
1.066040951097939105e+05
1.066040951097939105e+05
1.066040951097939105e+05
1.066040951097939105e+05
1.066351284845423506e+05
1.066351284845423506e+05
1.066351284845423506e+05
1.066351284845423506e+05
1.066351284845423506e+05
1.066351284845423506e+05
1.066351284845423506e+05
1.066351284845423506e+05
1.066351284845423506e+05
1.066351284845423506e+05
1.066351284845423506e+05
1.066351284845423506e+05
1.066351284845423506e+05
1.066351284845423506e+05
1.066351284845423506e+05
1.066351284845423506e+05
1.066482856640913815e+05
1.066482856640913815e+05
1.066482856640913815e+05
1.066482856640913815e+05
1.066615328890132660e+05
1.066615328890132660e+05
1.066615328890132660e+05
1.066615328890132660e+05
1.066615328890132660e+05
1.066615328890132660e+05
1.066615328890132660e+05
1.066693057207495294e+05
1.066693057207495294e+05
1.066693057207495294e+05
1.066693057207495294e+05
1.066695838753550925e+05
1.066695838753550925e+05
1.066695838753550925e+05
1.066695838753550925e+05
1.066695838753550925e+05
1.066708990871835849e+05
1.066708990871835849e+05
1.066708990871835849e+05
1.066708990871835849e+05
1.066708990871835849e+05
1.066708990871835849e+05
1.066708990871835849e+05
1.066710246477581823e+05
1.066710246477581823e+05
1.066710246477581823e+05
1.066710246477581823e+05
1.066757371485646581e+05
1.066757371485646581e+05
1.066774572149093001e+05
1.066774572149093001e+05
1.066774572149093001e+05
1.066774572149093001e+05
1.066774572149093001e+05
1.066774572149093001e+05
1.066774572149093001e+05
1.066774572149093001e+05
1.066836773450345790e+05
1.066836773450345790e+05
1.066836773450345790e+05
1.066836773450345790e+05
1.066941292179558659e+05
1.066941292179558659e+05
1.066941292179558659e+05
1.066941292179558659e+05
1.066941292179558659e+05
1.066941292179558659e+05
1.066943611014915805e+05
1.066943611014915805e+05
1.066943611014915805e+05
1.066943611014915805e+05
1.066943611014915805e+05
1.066943611014915805e+05
1.066943611014915805e+05
1.066943611014915805e+05
1.066943611014915805e+05
1.066943611014915805e+05
1.066943611014915805e+05
1.067495669665041351e+05
1.067495669665041351e+05
1.067495669665041351e+05
1.067495669665041351e+05
1.067495669665041351e+05
1.067495669665041351e+05
1.067495669665041351e+05
1.067495669665041351e+05
1.067495669665041351e+05
1.067495669665041351e+05
1.067495669665041351e+05
1.067572781026441808e+05
1.067572781026441808e+05
1.067572781026441808e+05
1.067572781026441808e+05
1.067572781026441808e+05
1.067572781026441808e+05
1.067572781026441808e+05
1.067572781026441808e+05
1.067572781026441808e+05
1.067572781026441808e+05
1.067572781026441808e+05
1.067572781026441808e+05
1.067572781026441808e+05
1.067572781026441808e+05
1.067572781026441808e+05
1.067584704971432366e+05
1.067584704971432366e+05
1.067584704971432366e+05
1.067584704971432366e+05
1.067584704971432366e+05
1.067584704971432366e+05
1.067584704971432366e+05
1.067584704971432366e+05
1.067584704971432366e+05
1.067584704971432366e+05
1.067584704971432366e+05
1.067584704971432366e+05
1.067584704971432366e+05
1.067584704971432366e+05
1.067584704971432366e+05
1.067584704971432366e+05
1.067584704971432366e+05
1.067584704971432366e+05
1.067584704971432366e+05
1.067584704971432366e+05
1.067584704971432366e+05
1.067584704971432366e+05
1.067584704971432366e+05
1.067613926035642071e+05
1.067613926035642071e+05
1.067613926035642071e+05
1.067613926035642071e+05
1.067613926035642071e+05
1.067613926035642071e+05
1.067613926035642071e+05
1.067613926035642071e+05
1.067613926035642071e+05
1.067613926035642071e+05
1.067613926035642071e+05
1.067613926035642071e+05
1.067613926035642071e+05
1.067613926035642071e+05
1.067826994641322672e+05
1.067826994641322672e+05
1.067826994641322672e+05
1.067826994641322672e+05
1.067826994641322672e+05
1.067826994641322672e+05
1.067826994641322672e+05
1.067826994641322672e+05
1.067826994641322672e+05
1.067826994641322672e+05
1.067826994641322672e+05
1.067826994641322672e+05
1.067826994641322672e+05
1.067826994641322672e+05
1.067826994641322672e+05
1.067826994641322672e+05
1.067826994641322672e+05
1.067826994641322672e+05
1.067826994641322672e+05
1.067826994641322672e+05
1.067826994641322672e+05
1.067826994641322672e+05
1.067826994641322672e+05
1.067826994641322672e+05
1.067826994641322672e+05
1.067826994641322672e+05
1.067826994641322672e+05
1.067838126897296024e+05
1.067838126897296024e+05
1.067838126897296024e+05
1.067838126897296024e+05
1.067838126897296024e+05
1.067838126897296024e+05
1.067838126897296024e+05
1.067838126897296024e+05
1.067838126897296024e+05
1.067849853992009594e+05
1.067849853992009594e+05
1.067907412895087909e+05
1.067907412895087909e+05
1.067907412895087909e+05
1.067907412895087909e+05
1.067907412895087909e+05
1.067907412895087909e+05
1.067907412895087909e+05
1.067907412895087909e+05
1.067907412895087909e+05
1.067907412895087909e+05
1.067907412895087909e+05
1.067907412895087909e+05
1.067907412895087909e+05
1.067907412895087909e+05
1.067907412895087909e+05
1.067907412895087909e+05
1.067907412895087909e+05
1.067907412895087909e+05
1.067907412895087909e+05
1.067907412895087909e+05
1.067907412895087909e+05
1.067907412895087909e+05
1.067907412895087909e+05
1.067907412895087909e+05
1.067907412895087909e+05
1.067907412895087909e+05
1.067907412895087909e+05
1.067907412895087909e+05
1.067907412895087909e+05
1.067907412895087909e+05
1.067907412895087909e+05
1.067907412895087909e+05
1.067907412895087909e+05
1.067907412895087909e+05
1.067907412895087909e+05
1.067907412895087909e+05
1.067915770069737046e+05
1.067935599546400626e+05
1.068026427779941732e+05
1.068026427779941732e+05
1.068026427779941732e+05
1.068026427779941732e+05
1.068043161548659555e+05
1.068043161548659555e+05
1.068043161548659555e+05
1.068043161548659555e+05
1.068043161548659555e+05
1.068043161548659555e+05
1.068043161548659555e+05
1.068043161548659555e+05
1.068043161548659555e+05
1.068043161548659555e+05
1.068043161548659555e+05
1.068065119441048737e+05
1.068065119441048737e+05
1.068065119441048737e+05
1.068065119441048737e+05
1.068065119441048737e+05
1.068065119441048737e+05
1.068065119441048737e+05
1.068065119441048737e+05
1.068065119441048737e+05
1.068065119441048737e+05
1.068065119441048737e+05
1.068065119441048737e+05
1.068065119441048737e+05
1.068065119441048737e+05
1.068065119441048737e+05
1.068065119441048737e+05
1.068065119441048737e+05
1.068065119441048737e+05
1.068065119441048737e+05
1.068065119441048737e+05
1.068065444114255806e+05
1.068065444114255806e+05
1.068065444114255806e+05
1.068065444114255806e+05
1.068065444114255806e+05
1.068065444114255806e+05
1.068065444114255806e+05
1.068065444114255806e+05
1.068065444114255806e+05
1.068065444114255806e+05
1.068065444114255806e+05
1.068065444114255806e+05
1.068065444114255806e+05
1.068065444114255806e+05
1.068065444114255806e+05
1.068065444114255806e+05
1.068065444114255806e+05
1.068065444114255806e+05
1.068065444114255806e+05
1.068065444114255806e+05
1.068065444114255806e+05
1.068065444114255806e+05
1.068065444114255806e+05
1.068065444114255806e+05
1.068065444114255806e+05
1.068065444114255806e+05
1.068065444114255806e+05
1.068065444114255806e+05
1.068065444114255806e+05
1.068065444114255806e+05
1.068065444114255806e+05
1.068065444114255806e+05
1.068065444114255806e+05
1.068065444114255806e+05
1.068065444114255806e+05
1.068075858640184451e+05
1.068075858640184451e+05
1.068075858640184451e+05
1.068075858640184451e+05
1.068075858640184451e+05
1.068075858640184451e+05
1.068075858640184451e+05
1.068106898135754891e+05
1.068106898135754891e+05
1.068106898135754891e+05
1.068106898135754891e+05
1.068106898135754891e+05
1.068106898135754891e+05
1.068106898135754891e+05
1.068106898135754891e+05
1.068106898135754891e+05
1.068106898135754891e+05
1.068106898135754891e+05
1.068106898135754891e+05
1.068106898135754891e+05
1.068106898135754891e+05
1.068106898135754891e+05
1.068106898135754891e+05
1.068106898135754891e+05
1.068106898135754891e+05
1.068106898135754891e+05
1.068106898135754891e+05
1.068106898135754891e+05
1.068164641543243488e+05
1.068164641543243488e+05
1.068164641543243488e+05
1.068164641543243488e+05
1.068164641543243488e+05
1.068164641543243488e+05
1.068164641543243488e+05
1.068300796867434547e+05
1.068300796867434547e+05
1.068300796867434547e+05
1.068300796867434547e+05
1.068300796867434547e+05
1.068300796867434547e+05
1.068300796867434547e+05
1.068300796867434547e+05
1.068300796867434547e+05
1.068300796867434547e+05
1.068300796867434547e+05
1.068300796867434547e+05
1.068300796867434547e+05
1.068300796867434547e+05
1.068300796867434547e+05
1.068300796867434547e+05
1.068300796867434547e+05
1.068300796867434547e+05
1.068300796867434547e+05
1.068300796867434547e+05
1.068300796867434547e+05
1.068300796867434547e+05
1.068300796867434547e+05
1.068300796867434547e+05
1.068300796867434547e+05
1.068300796867434547e+05
1.068300796867434547e+05
1.068300796867434547e+05
1.068300796867434547e+05
1.068300796867434547e+05
1.068300796867434547e+05
1.068300796867434547e+05
1.068300796867434547e+05
1.068300796867434547e+05
1.068300796867434547e+05
1.068300796867434547e+05
1.068353814218055049e+05
1.068353814218055049e+05
1.068353814218055049e+05
1.068353814218055049e+05
1.068353814218055049e+05
1.068353814218055049e+05
1.068353814218055049e+05
1.068353814218055049e+05
1.068353814218055049e+05
1.068353814218055049e+05
1.068353814218055049e+05
1.068458527373064135e+05
1.068458527373064135e+05
1.068458527373064135e+05
1.068458527373064135e+05
1.068458527373064135e+05
1.068458527373064135e+05
1.068458527373064135e+05
1.068458527373064135e+05
1.068459648556779866e+05
1.068459648556779866e+05
1.068477922797989013e+05
1.068477922797989013e+05
1.068477922797989013e+05
1.068477922797989013e+05
1.068477922797989013e+05
1.068477922797989013e+05
1.068477922797989013e+05
1.068477922797989013e+05
1.068477922797989013e+05
1.068477922797989013e+05
1.068482673842855002e+05
1.068482673842855002e+05
1.068482673842855002e+05
1.068697823032496963e+05
1.068697823032496963e+05
1.068697823032496963e+05
1.068697823032496963e+05
1.068697823032496963e+05
1.068917240211951139e+05
1.068917240211951139e+05
1.068917240211951139e+05
1.068917240211951139e+05
1.068917240211951139e+05
1.068917240211951139e+05
1.068917240211951139e+05
1.068917240211951139e+05
1.068917240211951139e+05
1.068917240211951139e+05
1.068917240211951139e+05
1.068917240211951139e+05
1.068917240211951139e+05
1.068917240211951139e+05
1.068917240211951139e+05
1.068917240211951139e+05
1.068917240211951139e+05
1.068917240211951139e+05
1.068917240211951139e+05
1.068917240211951139e+05
1.068917240211951139e+05
1.068917240211951139e+05
1.068917240211951139e+05
1.068920911630218325e+05
1.068920911630218325e+05
1.068920911630218325e+05
1.068920911630218325e+05
1.068920911630218325e+05
1.068920911630218325e+05
1.068920911630218325e+05
1.069073446017719689e+05
1.069073446017719689e+05
1.069073446017719689e+05
1.069073446017719689e+05
1.069073446017719689e+05
1.069073446017719689e+05
1.069073446017719689e+05
1.069073446017719689e+05
1.069073446017719689e+05
1.069073446017719689e+05
1.069073446017719689e+05
1.069073446017719689e+05
1.069073446017719689e+05
1.069073446017719689e+05
1.069073446017719689e+05
1.069073446017719689e+05
1.069073446017719689e+05
1.069073446017719689e+05
1.069073446017719689e+05
1.069428408574049972e+05
1.069428408574049972e+05
1.069428408574049972e+05
1.069428408574049972e+05
1.069428408574049972e+05
1.069436498841976281e+05
1.069436498841976281e+05
1.069436498841976281e+05
1.069436498841976281e+05
1.069436498841976281e+05
1.069436498841976281e+05
1.069436498841976281e+05
1.069436498841976281e+05
1.069436498841976281e+05
1.069436498841976281e+05
1.069436498841976281e+05
1.069436498841976281e+05
1.069436498841976281e+05
1.069436498841976281e+05
1.069436498841976281e+05
1.069436498841976281e+05
1.069436498841976281e+05
1.069436498841976281e+05
1.069436498841976281e+05
1.069438764909283636e+05
1.069438764909283636e+05
1.069611227305398497e+05
1.069611227305398497e+05
1.069611227305398497e+05
1.069611227305398497e+05
1.069611227305398497e+05
1.069611227305398497e+05
1.069611227305398497e+05
1.069611227305398497e+05
1.069611227305398497e+05
1.069611227305398497e+05
1.069611227305398497e+05
1.069638816726606747e+05
1.069638816726606747e+05
1.069638816726606747e+05
1.069638816726606747e+05
1.069638816726606747e+05
1.069638816726606747e+05
1.069638816726606747e+05
1.069638816726606747e+05
1.069638816726606747e+05
1.069638816726606747e+05
1.069638816726606747e+05
1.069638816726606747e+05
1.069638816726606747e+05
1.070064465951951279e+05
1.070064465951951279e+05
1.070064465951951279e+05
1.070064465951951279e+05
1.070064465951951279e+05
1.070216550407606701e+05
1.070216550407606701e+05
1.070216550407606701e+05
1.070216550407606701e+05
1.070216550407606701e+05
1.070216550407606701e+05
1.070216550407606701e+05
1.070216550407606701e+05
1.070216550407606701e+05
1.070655964273687860e+05
1.070841463432473392e+05
1.070841463432473392e+05
1.070845277826728998e+05
1.070845277826728998e+05
1.070845277826728998e+05
1.070845277826728998e+05
1.070845277826728998e+05
1.070845277826728998e+05
1.070845277826728998e+05
1.070845277826728998e+05
1.070845277826728998e+05
1.070845277826728998e+05
1.070845277826728998e+05
1.070845277826728998e+05
1.070973511507048242e+05
1.070973511507048242e+05
1.070973511507048242e+05
1.070973511507048242e+05
1.070973511507048242e+05
1.070973511507048242e+05
1.070973511507048242e+05
1.070973511507048242e+05
1.070973511507048242e+05
1.070973511507048242e+05
1.070973511507048242e+05
1.070973511507048242e+05
1.070993360990625079e+05
1.070993360990625079e+05
1.070993360990625079e+05
1.070993360990625079e+05
1.070993360990625079e+05
1.070993360990625079e+05
1.070993360990625079e+05
1.070993360990625079e+05
1.070993360990625079e+05
1.070993360990625079e+05
1.070993360990625079e+05
1.071000684467406827e+05
1.071000684467406827e+05
1.071000684467406827e+05
1.071000684467406827e+05
1.071016350258696184e+05
1.071016350258696184e+05
1.071016350258696184e+05
1.071016350258696184e+05
1.071016350258696184e+05
1.071016350258696184e+05
1.071016350258696184e+05
1.071016350258696184e+05
1.071016350258696184e+05
1.071016350258696184e+05
1.071016350258696184e+05
1.071016350258696184e+05
1.071016350258696184e+05
1.071016350258696184e+05
1.071016350258696184e+05
1.071016350258696184e+05
1.071051609050524712e+05
1.071051609050524712e+05
1.071051609050524712e+05
1.071051609050524712e+05
1.071051609050524712e+05
1.071053103610273392e+05
1.071053103610273392e+05
1.071145140208080702e+05
1.071145140208080702e+05
1.071145140208080702e+05
1.071145140208080702e+05
1.071145140208080702e+05
1.071145140208080702e+05
1.071145140208080702e+05
1.071145140208080702e+05
1.071145140208080702e+05
1.071240173484554980e+05
1.071240173484554980e+05
1.071256841010531061e+05
1.071269822272462188e+05
1.071269822272462188e+05
1.071269822272462188e+05
1.071269822272462188e+05
1.071269822272462188e+05
1.071269822272462188e+05
