7.309099603303465992e+05 6.179961347606765106e+06 6.400000000000000000e+01 0.000000000000000000e+00
7.303522487722873921e+05 6.179797823778435588e+06 6.400000000000000000e+01 0.000000000000000000e+00
7.305179870329328114e+05 6.179433481470542960e+06 6.400000000000000000e+01 0.000000000000000000e+00
7.305745622189069400e+05 6.179135828871648759e+06 6.400000000000000000e+01 0.000000000000000000e+00
7.306044304199076723e+05 6.178880856342497282e+06 6.400000000000000000e+01 0.000000000000000000e+00
7.306220166836756980e+05 6.178666140038263984e+06 6.400000000000000000e+01 0.000000000000000000e+00
7.306520825453586876e+05 6.178487859456159174e+06 6.400000000000000000e+01 0.000000000000000000e+00
7.306745473759479355e+05 6.178301114699054509e+06 6.400000000000000000e+01 0.000000000000000000e+00
7.306905880737471161e+05 6.178119082935608923e+06 6.400000000000000000e+01 0.000000000000000000e+00
7.306956999999999534e+05 6.177938000000000000e+06 6.400000000000000000e+01 0.000000000000000000e+00
7.307098949992152629e+05 6.177761911066538654e+06 6.400000000000000000e+01 0.000000000000000000e+00
7.307264666191588622e+05 6.177595108336076140e+06 6.400000000000000000e+01 0.000000000000000000e+00
7.307161975663702469e+05 6.177402020630531944e+06 6.400000000000000000e+01 0.000000000000000000e+00
7.307221225646446692e+05 6.177210888633083552e+06 6.400000000000000000e+01 0.000000000000000000e+00
7.307143940929310629e+05 6.177028221987809055e+06 6.400000000000000000e+01 0.000000000000000000e+00
7.307014114033170044e+05 6.176838838617880829e+06 6.400000000000000000e+01 0.000000000000000000e+00
7.307126146299624816e+05 6.176651973843145184e+06 6.400000000000000000e+01 0.000000000000000000e+00
7.307243236347221537e+05 6.176438691045897081e+06 6.400000000000000000e+01 0.000000000000000000e+00
7.307417355162273161e+05 6.176228870014864951e+06 6.400000000000000000e+01 0.000000000000000000e+00
7.307844102985040518e+05 6.176003218092247844e+06 6.400000000000000000e+01 0.000000000000000000e+00
